element,0,1,2,3,4,5,6,7,8,9,10,11,12,13,14,15,16,17,18,19,20,21,22,23,24,25,26,27,28,29,30,31,32,33,34,35,36,37,38,39,40,41,42,43,44,45,46,47,48,49,50,51,52,53,54,55,56,57,58,59,60,61,62,63,64,65,66,67,68,69,70,71,72,73,74,75,76,77,78,79,80,81,82,83,84,85,86,87,88,89,90,91,92,93,94
H,-0.0,-2726.3397601888423,-948.4482662212814,4523.76659828902,2141.7023209987233,3062.28707893039,5067.288800074952,1854.8619117619392,-1907.8553218538596,-2653.992881073306,-1325.0316744229674,1112.1916734549688,2144.9170129860013,3037.5269484225705,4954.705935705083,3285.297756701502,-1317.8267106388773,-2491.67017756756,-1651.9943658332038,1769.0143094386738,5455.695506441459,9077.90048524396,11333.553145599102,11831.337107358402,10468.220580097455,8586.271636113255,6615.2412154094845,4385.639787702267,2006.834948480529,-860.7647524798732,-116.38193475484158,1974.6836474712911,4111.756885878503,2740.1747401518774,-1157.883298527416,-2325.202228615267,-1743.9652078849422,8.72906589389327,5246.092502342106,10485.601235560775,15050.5128666688,16745.795621319405,14286.022816156508,10325.386335125288,6145.165357483234,1797.8663352729864,-432.6208436745973,-2081.9249449539675,-305.34120468904274,1800.8616301468955,3356.1739941317473,2456.239206315132,-594.080907608794,-1847.0148245887688,-1588.4791268709732,638.3082049986025,3566.7122367145485,944.2507249014404,-1666.2734156974225,-1469.4624145185178,-460.9636364612676,-1641.1056210018253,1447.8882920043075,1073.462031985143,938.5118126808669,777.8671943925536,690.7184868185036,597.7215235744012,555.6573920297659,628.7029511878795,4899.310087985656,11312.252464684881,17128.81508389137,20756.119118600283,19020.890803210154,15348.588673226248,10310.187644493744,4817.69640944879,-542.2956021521197,252.79466933581816,-594.5478967170901,1613.1711223939874,3397.3123398921434,2650.4607246334926,-109.45824041252575,-1677.377634517505,-1777.8505960280459,-6.106740607006545,2897.253985702519,7179.289767081652,9552.472771677709,5262.040182262746,3655.263109956777,1197.3731740624185,-1407.6527042080866
He,2726.3397601888423,-0.0,1777.891204927591,7250.106349758623,4868.041776816808,5788.6267459149585,7793.628482911039,4581.201675253682,818.484209715477,72.34645842602477,1401.3074055281372,3838.5312258560916,4871.256129375047,5763.866517382655,7681.045304256466,6011.637296925497,1408.5127921533542,234.66873488603522,1074.344714641096,4495.354249751298,8182.0350542313545,11804.239862502702,14059.892608190028,14557.676426228809,13194.559620367867,11312.612178858497,9341.581605204434,7111.979945056147,4733.174366737975,1865.5747801028392,2609.958110438694,4701.023002612984,6838.096095514081,5466.513990088283,1568.456350693803,401.134865381033,982.3737042706578,2735.0680736036015,7972.432315496172,13211.94073535823,17776.852265008285,19472.135201264737,17012.362197627615,13051.725537673028,8871.504704664223,4524.204837119112,2293.718657730361,644.4132082185898,2420.9934613206333,4527.201340828344,6082.513493732486,5182.578995536499,2132.258673175887,879.3271840816891,1137.860301603501,3364.6475346137067,6293.047488858374,3670.5899685004338,1060.0660662133394,1256.8768612319875,2265.3756828922965,1085.2338288482395,4174.227422123769,3799.8010328765126,3664.851892183581,3504.2073069040675,3417.0587070245656,3324.06112272611,3281.9977159332716,3355.0431806510833,7625.648914199533,14038.59188777991,19855.154458548164,23482.458751178357,21747.230538377382,18074.928310561947,13036.527262299396,7544.036007528167,2184.043836070432,2979.134038631975,2131.7914305492686,4339.510270534024,6123.651559619333,5376.799761367305,2616.884185011317,1048.958924077489,948.4875109152966,2720.2360305295765,5623.5933907215785,9905.62871637702,12278.811488974545,7988.379552739071,6381.60408250502,3923.71266110526,1318.6865285159517
Li,948.4482662212814,-1777.891204927591,-0.0,5472.214880026468,3090.150606778035,4010.73482318187,6015.736478678314,2803.3097231229244,-959.4068604244243,-1705.5446723381501,-376.5844615579202,2060.6400655102752,3093.3650275808086,3985.9752188445864,5903.154169758508,4233.745998229815,-369.37839009329264,-1543.2219226778882,-703.5461196348518,2717.463204061876,6404.143865888023,10026.348760289658,12282.001373434567,12779.78502001351,11416.67024933944,9534.721619020518,7563.691039922272,5334.089083791053,2955.283906591975,87.68366683043385,832.0665765237329,2923.131405020568,5060.204642321973,3688.6223375051345,-209.43569051587033,-1376.753983627178,-795.5185299245646,957.1770274239971,6194.54122146977,11434.0496496355,15998.961133253084,17694.243993933695,15234.470645235033,11273.834412619726,7093.613607592562,2746.3134892280527,515.8274018736636,-1133.4766862957117,643.1020924749987,2749.3100106725983,4304.62237436865,3404.687587008286,354.36750476507314,-898.5683980659885,-640.0318031070436,1586.7564342941669,4515.156886771292,1892.6988641225876,-717.8251576125563,-521.014252150799,487.48456834687585,-692.6573803995732,2396.3365371096934,2021.9106156212827,1886.9603366406834,1726.3160184872947,1639.1667817296807,1546.1834840876943,1504.1057877058383,1577.1520843159153,5847.758352606895,12260.7008737512,18077.263336512693,21704.567521011624,19969.338421060893,16297.036588717154,11258.635932002842,5766.144679811254,406.1526389265563,1201.243017801033,353.90040496671344,2561.6196178859395,4345.760107026973,3598.908855240872,838.9928882144947,-728.929329394487,-829.4023098551593,942.3450946135204,3845.702357373035,8127.73801777364,10500.921153673757,6210.487188499125,4603.711771189813,2145.8214403119305,-459.2071958160854
Be,-4523.76659828902,-7250.106349758623,-5472.214880026468,-0.0,-2382.064244981584,-1461.4800036870179,543.5216376368454,-2668.9050211054773,-6431.622076733099,-7177.760101516058,-5848.798447686554,-3411.5748041984248,-2378.8497401544364,-1486.239366329594,430.9393681958756,-1238.4687023419626,-5841.593812870962,-7015.4367585463315,-6175.760834589085,-2754.750498866682,931.9401242580109,4554.1338456882795,6809.786508205658,7307.570520437128,5944.453905302492,4062.5051692308743,2091.4746690340585,-138.1265335812147,-2516.931661827398,-5384.531200391873,-4640.148322649771,-2549.0829655536627,-412.009728578409,-1783.5920124510615,-5681.649758187384,-6848.968891952939,-6267.714063955059,-4515.037658338845,722.326957516827,5961.834271310222,10526.7467174293,12222.02861213759,9762.255533863789,5801.619574998021,1621.3997482089303,-2725.9011127799718,-4956.388513057784,-6605.691605286671,-4829.1126830082485,-2722.9044135465256,-1167.5923053834886,-2067.5270020303487,-5117.84716094163,-6370.781141171152,-6112.247323054731,-3885.4583955307235,-957.0575841771848,-3579.515805889289,-6190.0408247919195,-5993.2301503164545,-4984.731010233739,-6164.872631685504,-3075.878286853145,-3450.30594428276,-3585.2545510598347,-3745.8991110538936,-3833.0477150150064,-3926.0448828569097,-3968.108284671643,-3895.0626814925718,375.5429674153834,6788.485409994166,12605.046973210385,16232.352026521512,14497.12331292621,10824.82171960727,5786.421080221718,293.93150314826505,-5066.063780653589,-4270.9721543146225,-5118.314572923739,-2910.5956133055106,-1126.4541606976668,-1873.3059177468012,-4633.221449674156,-6201.141594722115,-6301.617111509377,-4529.871630918193,-1626.5125093824838,2655.522553133834,5028.704927026354,738.2737992970114,-868.5016961967269,-3326.394872490528,-5931.417401230396
B,-2141.7023209987233,-4868.041776816808,-3090.150606778035,2382.064244981584,-0.0,920.5842446224987,2925.585888049856,-286.8407729844496,-4049.557770273981,-4795.695188810759,-3466.7343522768474,-1029.5106490740884,3.2144352634303788,895.8248539179931,2813.0034717553026,1143.595739056009,-3459.5290728548166,-4633.372485982199,-3793.6965900092846,-372.6880141258383,3313.992916523721,6936.198243116027,9191.8507545721,9689.63475825089,8326.518275559161,6444.569525851279,4473.538894852932,2243.937442590576,-134.86742578067341,-3002.467139497571,-2258.0837975965073,-167.0187331459369,1970.054462192561,598.472178470083,-3299.5855130123778,-4466.904626068701,-3885.6684488178385,-2132.9734047393567,3104.3901978654467,8343.89868370257,12908.811171874659,14604.092756441207,12144.319763789606,8183.683805383328,4003.462980714076,-343.8360537142608,-2574.323250930589,-4223.627535321338,-2447.0484249750994,-340.8403910134356,1214.4720397258548,314.5427976766551,-2735.7833686263266,-3988.7169012750196,-3730.181517780603,-1503.394166248609,1425.0099115478909,-1197.451710109091,-3807.9760326850555,-3611.1649258191037,-2602.66602657469,-3782.808000618171,-693.8135335674759,-1068.2404099478836,-1203.190327523577,-1363.8351834106709,-1450.9839109981258,-1543.980943449519,-1586.043688152489,-1512.9991441143413,2757.6074410726774,9170.549808735035,14987.113872050688,18614.416925717775,16879.187542746335,13206.885949727166,8168.485310716645,2675.995739316194,-2683.9981201909427,-1888.9078999109363,-2736.2500416444545,-528.5311812640281,1255.6101020182637,508.75848488178116,-2251.1578383152355,-3819.0774186541385,-3919.5527704113797,-2147.805558767224,755.5517939923388,5037.5869041694195,7410.770164012654,3120.338048600448,1513.5625632523918,-944.3291001224646,-3549.353352228959
C,-3062.28707893039,-5788.6267459149585,-4010.73482318187,1461.4800036870179,-920.5842446224987,-0.0,2005.0017210331166,-1207.4251200615572,-4970.142266717627,-5716.280345762123,-4387.318598854501,-1950.0947469001646,-917.3696274087439,-24.759707590206858,1892.419403261843,223.01117629791096,-4380.113679111078,-5553.956727584066,-4714.2808403943,-1293.270473106292,2393.4080958136124,6015.613888344186,8271.266519250923,8769.050450035593,7405.9340444191985,5523.985294819343,3552.954666143036,1323.3532110537396,-1055.4516118326715,-3923.0514415359135,-3178.6678830971377,-1087.6031314308073,1049.4701570942407,-322.1120884424265,-4220.16977429832,-5387.488863854931,-4806.204458654662,-3053.557638779798,2183.805861713753,7423.314368068775,11988.226920880938,13683.50918815065,11223.735533843726,7263.0995807380095,3082.8797063962074,-1264.4211835209762,-3494.908175305023,-5144.211844549191,-3367.632443686324,-1261.4246839786688,293.88664711593134,-606.046897362323,-3656.3671579996667,-4909.301138363217,-4650.76569303468,-2423.978405988965,504.42567064434985,-2118.035708693007,-4728.5600180671145,-4531.74935578005,-3523.25026236926,-4703.392632053106,-1614.3985074393365,-1988.8238503124194,-2123.7745357663903,-2284.4187040732545,-2371.5671771274333,-2464.5649106483274,-2506.656564303664,-2433.5826342003356,1837.0231857161027,8249.965498583024,14066.531436146497,17693.83202649546,15958.603312820855,12286.30171971293,7247.9010802456905,1755.4115154796843,-3604.5837364787494,-2809.4921476024233,-3656.834278664906,-1449.1155206316669,335.02594079492553,-411.82576494746695,-3171.742087125036,-4739.661656818484,-4840.137001164673,-3068.3897925241854,-165.03138621773363,4117.002577291566,6490.185855018727,2199.753811546153,592.9770244616622,-1864.913414033887,-4469.937668811154
N,-5067.288800074952,-7793.628482911039,-6015.736478678314,-543.5216376368454,-2925.585888049856,-2005.0017210331166,-0.0,-3212.426848997471,-6975.144013327787,-7721.282035586554,-6392.320246037018,-3955.09645759632,-2922.371222908261,-2029.761064556802,-112.58233916972681,-1781.9902361312704,-6385.115447791845,-7558.958402869379,-6719.282483932491,-3298.2721066082854,388.4063538134479,4010.612088405581,6266.264889532306,6764.048880374144,5400.932201014726,3518.983460872115,1547.953089280159,-681.6484314398282,-3060.453306079824,-5928.052836687108,-5183.669957599294,-3092.604615863275,-955.5314630838407,-2327.1135130247358,-6225.171406936848,-7392.490539168205,-6811.25367812167,-5058.564776255408,178.80381358010163,5418.312739273371,9983.22513258649,11678.507512397915,9218.733892649227,5258.097939180195,1077.8781422732752,-3269.4229658034747,-5499.910211679979,-7149.21319823643,-5372.634333022601,-3266.42606107287,-1711.113973346714,-2611.0486699935723,-5661.368808137268,-6914.302789074642,-6655.768958796781,-4428.980054171886,-1500.5796082191425,-4123.037458711869,-6733.5624597063725,-6536.751848071886,-5528.251931190552,-6708.394265278638,-3619.400414405338,-3993.827879992712,-4128.776155381002,-4289.420719407079,-4376.56931888359,-4469.566544964941,-4511.629887853803,-4438.584327338562,-167.9798164764317,6244.9636919000595,12061.524822663941,15688.831038317652,13953.601665563456,10281.300085987064,5242.899451618747,-249.59008974081195,-5609.585477793814,-4814.493828954062,-5661.836222973894,-3454.1167716684968,-1669.9758286608912,-2416.8275857100275,-5176.743096910437,-6744.6632416977645,-6845.139652154601,-5073.393402191422,-2170.0322372458427,2112.000901973884,4485.184912126241,194.7497630488722,-1412.0235031269146,-3869.916403012101,-6474.938829151613
O,-1854.8619117619392,-4581.201675253682,-2803.3097231229244,2668.9050211054773,286.8407729844496,1207.4251200615572,3212.426848997471,-0.0,-3762.7171637103415,-4508.8553685052,-3179.8935833886885,-742.6698594010742,290.05546590364037,1182.665645873676,3099.8444823032596,1430.4364938322321,-3172.6882995054057,-4346.531720336046,-3506.8556786805952,-85.84749403520244,3600.834297329806,7223.039004954311,9478.691531193073,9976.475462440534,8613.359045011232,6731.41031546729,4760.379874345815,2530.7782305756123,151.97366097029797,-2715.6263546724103,-1971.2428814420832,119.82202290538176,2256.8952217893184,885.3129153757502,-3012.744740066762,-4180.063855612865,-3598.827030149922,-1846.1326373976763,3391.230853464336,8630.73943508171,13195.651793015339,14890.934133256804,12431.160562054385,8470.524608992424,4290.303779883346,-56.996772105682325,-2287.4824789933386,-3936.7867798118473,-2160.207438530132,-53.995978972513576,1501.312698732138,601.3781200102894,-2448.9425988148446,-3701.8761320670683,-3443.3407458891397,-1216.5533954217892,1711.8472774291533,-910.6109397251323,-3521.135245306982,-3324.3241670007715,-2315.8252556086004,-3495.9672293251965,-406.97275997630976,-781.3995863915187,-916.3495098330425,-1076.993697479207,-1164.1425948565532,-1257.1397939722076,-1299.2027753317614,-1226.158330489843,3044.448147713778,9457.390536184877,15273.954321646328,18901.256948585575,17166.028341046625,13493.726747957071,8455.326109894895,2962.8364393439306,-2397.1587116599985,-1602.0669270242115,-2449.4092735191243,-241.6904260537558,1542.4508712439551,795.5992524251457,-1964.3170690895424,-3532.2366499142304,-3632.7121340639874,-1860.9647386162746,1042.3925073622897,5324.428278938351,7697.610423530687,3407.1787782939145,1800.4032552095373,-657.488331678854,-3262.5125809743267
F,1907.8553218538596,-818.484209715477,959.4068604244243,6431.622076733099,4049.557770273981,4970.142266717627,6975.144013327787,3762.7171637103415,-0.0,-746.1377374859509,582.8229970004622,3020.0468886489984,4052.772187958531,4945.382291556225,6862.56117386502,5193.153156397875,590.0285327674923,-583.8150183960394,255.86062246566004,3676.87016694136,7363.55068621866,10985.755674401978,13241.408347306326,13739.192245327784,12376.07585079078,10494.126812447566,8523.096350664118,6293.495019188979,3914.690129867835,1047.090816245855,1791.4739842634647,3882.538963658582,6019.6122522693195,4648.029936888271,749.9718848199344,-417.3482174820608,163.8885168928492,1916.5836085681037,7153.947736525496,12393.470740813475,16957.764217397184,18653.65080776069,16193.878078678366,12233.24156143346,8053.0205573844405,3705.7204254122103,1475.2333472241198,-174.07100943357486,1602.5088987135841,3708.7168129042384,5264.029176590357,4364.094389226701,1313.7742474131087,60.83857807761514,319.3759662260869,2546.1633485239354,5474.5631086711055,2852.105661989489,241.58185762236118,438.39269077218466,1446.8913975890935,266.74952888667167,3355.7435074863383,2981.3156339527122,2846.3672065792266,2685.722437708957,2598.5738753949804,2505.5767116787074,2463.513260523315,2536.5586652863085,6807.165325300639,13220.107559636925,19036.670175264648,22663.97430504188,20928.74597865573,17256.443523944752,12218.043122225221,6725.551640538687,1365.559476941714,2160.6498169759984,1313.3071458389659,3521.0265347277773,5305.166909252451,4558.316219857782,1798.399742978555,230.47764930520432,130.00159943163817,1901.7519796509962,4805.111700704668,9087.145046809725,11460.327829195312,7169.8953551994355,5563.118729085622,3105.2283273608227,500.20271823161437
Ne,2653.992881073306,-72.34645842602477,1705.5446723381501,7177.760101516058,4795.695188810759,5716.280345762123,7721.282035586554,4508.8553685052,746.1377374859509,-0.0,1328.9608888053888,3766.184660690734,4798.909797603738,5691.519965965948,7608.698816802025,5939.290742910031,1336.1662300120663,162.32234720985042,1001.998718438162,4423.007846194262,8109.687192441788,11731.8932119708,13987.54661745504,14485.329769503407,13122.214210337246,11240.265696940653,9269.235192277198,7039.633559573532,4660.827780878734,1793.2282014875793,2537.611228189005,4628.6763104574375,6765.749488291885,5394.167393644802,1496.109697721611,328.78957551177746,910.0264191141623,2662.721418283444,7900.0857975209565,13139.594208205484,17704.51116307815,19399.788244365158,16940.015340842197,12979.378808880581,8799.158082637698,4451.858038126902,2221.3720160115986,572.0667710133416,2348.646885918347,4454.854756791391,6010.166874231853,5110.232387381008,2059.9119262923177,806.9763765969587,1065.5124720757458,3292.3011797865197,6220.701130939956,3598.2434310399353,987.7195652342823,1184.5304516322644,2193.029232212944,1012.8872744946975,4101.880957662285,3727.453838785643,3592.5048708727845,3431.860770848217,3344.7122340109913,3251.7144818778393,3209.6511991396796,3282.6966215090247,7553.302303044503,13966.245090001757,19782.807471433312,23410.11156866781,21674.883508169005,18002.581038720193,12964.180266028367,7471.689390941163,2111.6971811325916,2906.787622114008,2059.4448674293444,4267.16370102296,6051.304474997715,5304.453155247381,2544.537632227959,976.6136175961444,876.1412139634949,2647.889739110326,5551.24712352797,9833.281401991706,12206.465499056487,7916.032862459365,6309.257451732884,3851.365948855006,1246.3400273297286
Na,1325.0316744229674,-1401.3074055281372,376.5844615579202,5848.798447686554,3466.7343522768474,4387.318598854501,6392.320246037018,3179.8935833886885,-582.8229970004622,-1328.9608888053888,-0.0,2437.2236062448137,3469.9494994159973,4362.55997266187,6279.7386732741625,4610.330386138363,7.205016593763831,-1166.6381638796215,-326.9623676034845,3094.04694205096,6780.728038467719,10402.932420740195,12658.586091898309,13156.371260711305,11793.255262375022,9911.30381375304,7940.273363798295,5710.671848208553,3331.867008974502,464.2674191668851,1208.6506907316093,3299.715209950779,5436.788534557875,4065.2059889323127,167.14800515686912,-1000.1703670440335,-418.9331516229537,1333.7608477822737,6571.124995347686,11810.633925083404,16375.54487387043,18070.827631799482,15611.053963854745,11650.418012526148,7470.197191125772,3122.8974777596823,892.4110811766973,-756.8941608388332,1019.6860950203718,3125.894066176166,4681.206431013791,3781.2716421993596,730.9510860558931,-521.9845992660572,-263.4497008145939,1963.340189660289,4891.7437714517655,2269.282927701915,-341.2413679903746,-144.43133507311316,864.068547121927,-316.07347793293627,2772.920413468649,2398.494399277357,2263.543791265078,2102.8984248975094,2015.7514040804901,1922.75354798861,1880.690102590734,1953.7354760954167,6224.341855931522,12637.284989474707,18453.847029327688,22081.15140608827,20345.92168785419,16673.620345426258,11635.219695628788,6142.728475211879,782.7363164359682,1577.826706266161,730.4842893649609,2938.2029255745692,4722.3441639724815,3975.4922548399927,1215.5767137142723,-352.3454895062955,-452.8208208635589,1318.9286546697535,4222.287560231395,8504.321829685388,10877.504551104195,6587.070679067575,4980.295154679405,2522.404978945154,-82.62154526929947
Mg,-1112.1916734549688,-3838.5312258560916,-2060.6400655102752,3411.5748041984248,1029.5106490740884,1950.0947469001646,3955.09645759632,742.6698594010742,-3020.0468886489984,-3766.184660690734,-2437.2236062448137,-0.0,1032.7251187764402,1925.3354117262327,3842.5141323154558,2173.106205119594,-2430.0187456783774,-3603.8625415056263,-2764.18590359781,656.8242937507288,4343.504244221562,7965.70859371358,10221.362712976263,10719.145341493371,9356.028857617257,7474.080162362856,5503.049741472511,3273.4482093473766,894.6433749672242,-1972.9562476777414,-1228.5731977569853,862.4916021707506,2999.5649110218374,1627.982397720729,-2270.075808906113,-3437.394131053491,-2856.1578263043934,-1103.4638408083215,4133.898940987089,9373.410005348906,13938.321203506068,15633.60405501738,13173.83060726009,9213.193957692098,5032.9748787996305,685.6743725091776,-1544.8125039797371,-3194.1166725898906,-1417.5379664383615,688.6701908972282,2243.9823157602395,1344.0475270032016,-1706.2727497405779,-2959.2064094403127,-2700.6710040827556,-473.88584540194154,2454.5209195887123,-167.94111474402595,-2778.4657051374384,-2581.654678828919,-1573.1555480918887,-2753.2975242270663,335.6971254184459,-38.72964007674908,-173.6798581359317,-334.3239136632982,-421.47260777465317,-514.4849302851435,-556.5335097061358,-483.48806156747696,3787.1183865133844,10200.060832905298,16016.62333906838,19643.927616284072,17908.698132685837,14236.396520672815,9197.99610340613,3705.504875142054,-1654.4872072149085,-859.3970849783514,-1706.7397450188428,500.9793670781868,2285.120709024755,1538.2689838691826,-1221.6471994151825,-2789.566909322782,-2890.0424824811935,-1118.2951596536689,1785.0643624889728,6067.097968593927,8440.280985816089,4149.84701269136,2543.0729067214625,85.17909601885891,-2519.842829516551
Al,-2144.9170129860013,-4871.256129375047,-3093.3650275808086,2378.8497401544364,-3.2144352634303788,917.3696274087439,2922.371222908261,-290.05546590364037,-4052.772187958531,-4798.909797603738,-3469.9494994159973,-1032.7251187764402,-0.0,892.610146146585,2809.789022288395,1140.3809871527512,-3462.7440218168704,-4636.587305662153,-3796.9111929236215,-375.9010094610669,3310.7785697594313,6932.983598034217,9188.636998909518,9686.42364691459,8323.30365256803,6441.354894880493,4470.325085510206,2240.722920893176,-138.0819493705313,-3005.6816121855163,-2261.2985399118575,-170.2334429495441,1966.8397840524872,595.2574771486411,-3302.80024699454,-4470.119390099593,-3888.8834256904383,-2136.1895230291234,3101.175546953135,8340.684456026904,12905.59588108024,14600.878786820887,12141.105706802038,8180.469240733516,4000.2485494869998,-347.05068685923277,-2577.53850308691,-4226.842294284257,-2450.2631420778275,-344.05586547398843,1211.2572285760386,311.3226060333552,-2738.9980279369747,-3991.9316673249614,-3733.3976091547293,-1506.608927804903,1421.7956153939945,-1200.6661583491514,-3811.191253385039,-3614.3803056119054,-2605.881250833551,-3786.023107093568,-697.0281294171629,-1071.4542897779115,-1206.4050213365547,-1367.0492506700386,-1454.1990544611901,-1547.194934829475,-1589.258778808025,-1516.2133358373335,2754.3929771750063,9167.335449529166,14983.899440133646,18611.20232204704,16875.97384140819,13203.671548852268,8165.2709163994205,2672.781009998538,-2687.2139068519573,-1892.122443549992,-2739.465023014316,-531.7469832059933,1252.395373261861,505.54373844821146,-2254.3725670716394,-3822.292187437926,-3922.767543456839,-2151.020456220159,752.3371244609798,5034.372756378588,7407.5553920845305,3117.1230900664855,1510.3477083552257,-947.544092799319,-3552.56814835442
Si,-3037.5269484225705,-5763.866517382655,-3985.9752188445864,1486.239366329594,-895.8248539179931,24.759707590206858,2029.761064556802,-1182.665645873676,-4945.382291556225,-5691.519965965948,-4362.55997266187,-1925.3354117262327,-892.610146146585,-0.0,1917.1788408751706,247.77078773413731,-4355.35422571491,-5529.197472799513,-4689.52143549476,-1268.5110874373038,2418.1701892760607,6040.373406926338,8296.025935564378,8793.810989773516,7430.69490855454,5548.7447500214375,3577.7143087477198,1348.1126951137696,-1030.6919277334287,-3898.2916873674008,-3153.9087326082035,-1062.8435992712584,1074.2295031872889,-297.35262532691496,-4195.410395413162,-5362.729536447445,-4781.4933651271795,-3028.798286899267,2208.5661872684122,7448.074141591745,12012.98622319657,13708.268496436918,11248.49511641726,7287.859192593079,3107.638381126986,-1239.6617281017789,-3470.1488231558487,-5119.452318226798,-3342.8733166980915,-1236.6653407341253,318.6471126508183,-581.2876448796736,-3631.6078391382634,-4884.541809064966,-4626.006284025022,-2399.2190585608532,529.1835357618088,-2093.276609984121,-4703.801225501947,-4506.990510272646,-3498.491450488258,-4678.633452714559,-1589.638657736209,-1964.0645762851932,-2099.015000655007,-2259.6605773269944,-2346.8076092070746,-2439.8051699841985,-2481.8684805821954,-2408.823476077375,1861.782806393876,8274.72512987748,14091.287921330286,17718.591993716444,15983.363637447537,12311.061536383664,7272.660694663536,1780.1708768309418,-3579.8245058854227,-2784.7327807477363,-3632.075170481397,-1424.356177387123,359.7852139049245,-387.06654450896906,-3146.982127869088,-4714.902329435124,-4815.377572278211,-3043.630525241809,-140.27303947169543,4141.761838021071,6514.945125429595,2224.51313027927,617.7375619202202,-1840.155321138211,-4445.178255603267
P,-4954.705935705083,-7681.045304256466,-5903.154169758508,-430.9393681958756,-2813.0034717553026,-1892.419403261843,112.58233916972681,-3099.8444823032596,-6862.56117386502,-7608.698816802025,-6279.7386732741625,-3842.5141323154558,-2809.789022288395,-1917.1788408751706,-0.0,-1669.4080271013543,-6272.533044862422,-7446.376438860188,-6606.711671903025,-3185.6906366041785,500.98746955307485,4123.194453870799,6378.847179022322,6876.632164857219,5513.514656238632,3631.5659366497193,1660.5355120485647,-569.0661720505551,-2947.8707990199673,-5815.470669928332,-5071.087555886033,-2980.022642867388,-842.9490430393633,-2214.5313567096077,-6112.589801797121,-7279.908258722861,-6698.671245225604,-4945.9769313784045,291.3874762042535,5530.906364685144,10095.80682240585,11791.089809643863,9331.316455877584,5370.680368335389,1190.4602679992965,-3156.840302556619,-5387.327884244404,-7036.631457101186,-5260.052034880022,-3153.843815564772,-1598.531729448131,-2498.466059479148,-5548.786909312599,-6801.720561305026,-6543.18649404342,-4316.3999995794875,-1387.9933163922358,-4010.4551691467777,-6620.980095265894,-6424.169489007663,-5415.670399869904,-6595.812207702243,-3506.817232217817,-3881.2434440272523,-4016.1942337191877,-4176.839528193277,-4263.986598990606,-4356.984079712009,-4399.047480562387,-4326.003056241631,-55.40063454767695,6357.545980714559,12174.10970387036,15801.413222955895,14066.184077810422,10393.882499726136,5355.481852738029,-137.0091551491298,-5497.003019120194,-4701.91136457366,-5549.253942145012,-3341.534525892673,-1557.3935289417432,-2304.245285990879,-5064.161387728645,-6632.080994024596,-6732.556453463557,-4960.809272188798,-2057.449810810659,2224.5831664113443,4597.767855812036,307.3343992960637,-1299.4411643952285,-3757.3343667360955,-6362.356545205436
S,-3285.297756701502,-6011.637296925497,-4233.745998229815,1238.4687023419626,-1143.595739056009,-223.01117629791096,1781.9902361312704,-1430.4364938322321,-5193.153156397875,-5939.290742910031,-4610.330386138363,-2173.106205119594,-1140.3809871527512,-247.77078773413731,1669.4080271013543,-0.0,-4603.124995458643,-5776.968197393568,-4937.292145182279,-1516.2819174038357,2170.4006850146548,5792.602652081914,8048.25516864892,8546.040435952184,7182.922736986163,5300.9739351671,3329.943536351106,1100.3420098834124,-1278.4626684515792,-4146.062549586222,-3401.6795066737723,-1310.6143773267656,826.4587704481265,-545.1234095568288,-4443.18117858572,-5610.500322126611,-5029.264107126734,-3276.570248665394,1960.794064126746,7200.303398405188,11765.214992147947,13460.497725403577,11000.724433627582,7040.08839321939,2859.867576985513,-1487.432514382329,-3717.919558613053,-5367.22340429128,-3590.644099826979,-1484.4358783827925,70.87530610154437,-829.0584121935408,-3879.3789590544,-5132.312594824797,-4873.777144727024,-2646.989865633377,281.41334268738524,-2341.0472300279316,-4951.5723139161455,-4754.761358778594,-3746.2623016855814,-4926.404093840627,-1837.409063338312,-2211.8353669776925,-2346.785584094616,-2507.4311075967976,-2594.5805222318027,-2687.5758730081798,-2729.639596786744,-2656.5942638344363,1614.0120414888277,8026.954237767083,13843.516813666854,17470.82121650837,15735.592868162737,12063.290574054232,7024.889941969154,1532.4000044563263,-3827.5951662890757,-3032.5035373532123,-3879.845954163119,-1672.12694470099,112.01296244644544,-634.8391473941707,-3394.752914741714,-4962.67311592852,-5063.1484863232145,-3291.40139068542,-388.04386805600046,3893.9910777829737,6267.174384806119,1976.7421590765186,369.9668329310755,-2087.926409106173,-4692.949072767222
Cl,1317.8267106388773,-1408.5127921533542,369.37839009329264,5841.593812870962,3459.5290728548166,4380.113679111078,6385.115447791845,3172.6882995054057,-590.0285327674923,-1336.1662300120663,-7.205016593763831,2430.0187456783774,3462.7440218168704,4355.35422571491,6272.533044862422,4603.124995458643,-0.0,-1173.8434303731722,-334.1675556852544,3086.842865860093,6773.523073975334,10395.727883007688,12651.38073618742,13149.165896392258,11786.047547639118,9904.098746338608,7933.068245155756,5703.466948702582,3324.6621338134146,457.0623701789099,1201.4454741709758,3292.510416668324,5429.583855170677,4058.0013287264965,159.94356798699917,-1007.3757382414655,-426.13998253793056,1326.555748916428,6563.916950408194,11803.428883732595,16368.339886120824,18063.62282821841,15603.84967799613,11643.213655617612,7462.991768173727,3115.6920894442333,885.2053810110916,-764.0983164379445,1012.4804252015562,3118.688338064027,4674.000700564319,3774.0659151666637,723.7457422561951,-529.1894712909655,-270.6536906020872,1956.1348568859796,4884.539010407296,2262.077631391968,-348.4467051023539,-151.63629429954133,856.8630164325205,-323.27887602797506,2765.7155652400525,2391.289515282499,2256.3391293880877,2095.6952821530144,2008.5459837608228,1915.548236690084,1873.4847573141233,1946.5301761681178,6217.137520731071,12630.079717996736,18446.64190955308,22073.94624255846,20338.717710109813,16666.41596413403,11628.014736142288,6135.523712752742,775.5308532042241,1570.621317096442,723.2787583546399,2930.9977382386082,4715.139191518019,3968.2872214071344,1208.3712378216408,-359.5503993819211,-460.0246844746056,1311.7234738919037,4215.082697295193,8497.116734228197,10870.299339024114,6579.866088038791,4973.090367105168,2515.198653897841,-89.79278705837683
Ar,2491.67017756756,-234.66873488603522,1543.2219226778882,7015.4367585463315,4633.372485982199,5553.956727584066,7558.958402869379,4346.531720336046,583.8150183960394,-162.32234720985042,1166.6381638796215,3603.8625415056263,4636.587305662153,5529.197472799513,7446.376438860188,5776.968197393568,1173.8434303731722,-0.0,839.6757610352449,4260.686382280084,7947.366340404335,11569.570962801718,13825.225071440942,14323.007304923838,12959.890900118062,11077.942137328897,9106.911744226334,6877.310242511946,4498.505408210977,1630.9058440230106,2375.2885108907276,4466.35428580445,6603.4270820942065,5231.844878292364,1333.787146184686,166.46695993179225,747.7039967072077,2500.399066456098,7737.761143599729,12977.272529469723,17542.18320500934,19237.46624204028,16777.693207111344,12817.05835095259,8636.837238477987,4289.537529696134,2059.049363189135,409.7443879716073,2186.324268929168,4292.53222180274,5847.844610098731,4947.909841916414,1897.5894216781537,644.6528970806178,903.1899246638717,3129.9782357186195,6058.382472690436,3435.919922647505,825.396838043141,1022.2081896008738,2030.7061896599248,850.5645911318459,3939.559009423695,3565.1322316915684,3430.1822343937783,3269.5380089508208,3182.3896633593686,3089.3916901469242,3047.3289029887524,3120.374196964492,7390.980443859651,13803.922134223052,19620.485072938376,23247.789819225414,21512.561031366888,17840.25948087178,12801.858375475342,7309.367126333325,1949.3745289324352,2744.4648670474344,1897.122329152133,4104.841119872526,5888.982399985532,5142.130537659315,2382.2149854342724,814.291671892768,713.8186673984326,2485.566809813851,5388.924615879679,9670.959003691982,12044.143187554519,7753.710359433614,6146.934865378456,3689.0423168235875,1084.0156716599004
K,1651.9943658332038,-1074.344714641096,703.5461196348518,6175.760834589085,3793.6965900092846,4714.2808403943,6719.282483932491,3506.8556786805952,-255.86062246566004,-1001.998718438162,326.9623676034845,2764.18590359781,3796.9111929236215,4689.52143549476,6606.711671903025,4937.292145182279,334.1675556852544,-839.6757610352449,-0.0,3421.0094735943057,7107.690189631007,10729.897101147584,12985.551181547973,13483.331301767463,12120.214862106917,10238.2661445452,8267.23538861824,6037.634213897455,3658.8294595928846,791.2299965590527,1535.614688545682,3626.677482186445,5763.7520268989465,4392.169718689497,494.1112766525502,-673.2077955498714,-91.9707805952509,1660.741020579752,6898.087363090726,12137.594564634379,16702.507345162514,18397.790031977216,15938.01892164577,11977.38366354603,7797.163506089096,3449.859742907047,1219.3769477068206,-429.93059622499453,1346.6484037419777,3452.856419282374,5008.167728986373,4108.232708561329,1057.9139097740028,-195.02193232558815,63.512982150678276,2290.3025256990127,5218.706179166075,2596.243458349564,-14.278310692118279,182.52924062537244,1191.0311702953964,10.89174464167673,3099.882776244092,2725.4567482314415,2590.5062997107784,2429.862280096844,2342.7136700189344,2249.716523979987,2207.653501343495,2280.698421192247,6551.303047987318,12964.246272091039,18780.809412462724,22408.113466945295,20672.884402074564,17000.582462938368,11962.180219434438,6469.690779736774,1109.6986690443855,1904.7892926557279,1057.446525404366,3265.165578827458,5049.307272408976,4302.455173288117,1542.5394764207276,-25.36884431168175,-125.85828934352132,1645.8910341859792,4549.250888973495,8831.284137872413,11204.467409843988,6914.03306613713,5307.2578204673855,2849.3674254799635,244.3913187604989
Ca,-1769.0143094386738,-4495.354249751298,-2717.463204061876,2754.750498866682,372.6880141258383,1293.270473106292,3298.2721066082854,85.84749403520244,-3676.87016694136,-4423.007846194262,-3094.04694205096,-656.8242937507288,375.9010094610669,1268.5110874373038,3185.6906366041785,1516.2819174038357,-3086.842865860093,-4260.686382280084,-3421.0094735943057,-0.0,3686.6810483192007,7308.885662334633,9564.538024919222,10062.321897269478,8699.20452771479,6817.255768494505,4846.225400801462,2616.6239338963683,237.82019725398956,-2629.7805445644467,-1885.397438552198,205.66874828300942,2342.7409139379834,971.1595065155803,-2926.8986736755783,-4094.218484878342,-3512.9809051571137,-1760.2870984226488,3477.0781568598254,8716.586783248362,13281.497633787936,14976.779766238686,12517.00686459826,8556.370954828408,4376.1501396181075,28.850670565027016,-2201.6364348071183,-3850.940844307715,-2074.3620025395658,31.84615316527213,1587.157922029796,687.2295685738604,-2363.1058692308306,-3616.0318120548445,-3357.4955271429635,-1130.709320385563,1797.6965166435389,-824.76390898719,-3435.288731411243,-3238.478102232911,-2229.9788064780687,-3410.120984016409,-321.1264707811523,-695.5523952229515,-830.5038417514846,-991.1482069137409,-1078.2969381312653,-1171.2943580441934,-1213.3577976835147,-1140.3108202590834,3130.2950005396865,9543.237854929184,15359.799673901629,18987.103375932318,17251.874913223444,13579.573503468264,8541.172886308694,3048.6815789152774,-2311.312199476403,-1516.2230673793051,-2363.566159204921,-155.8470212544947,1628.2957037981746,881.4338547991787,-1878.472008718514,-3446.39798313095,-3546.866269361405,-1775.1194537676847,1128.2394095376626,5410.273209121283,7783.4568556189415,3493.02014807957,1886.2480820111139,-571.9094944540628,-3176.6677826448736
Sc,-5455.695506441459,-8182.0350542313545,-6404.143865888023,-931.9401242580109,-3313.992916523721,-2393.4080958136124,-388.4063538134479,-3600.834297329806,-7363.55068621866,-8109.687192441788,-6780.728038467719,-4343.504244221562,-3310.7785697594313,-2418.1701892760607,-500.98746955307485,-2170.4006850146548,-6773.523073975334,-7947.366340404335,-7107.690189631007,-3686.6810483192007,-0.0,3622.205659844342,5877.857004529937,6375.6400876432945,5012.522808656251,3130.5761293274,1159.5449733149792,-1070.0576865969365,-3448.8609358151166,-6316.460059387135,-5572.078184942109,-3481.012681088083,-1343.9379613944939,-2715.5226239552326,-6613.580034128311,-7780.899457538946,-7199.66382299401,-5446.966945366008,-209.60217428453916,5029.905746602337,9594.816498839218,11290.098896734959,8830.328064266723,4869.692749409988,689.4709457765005,-3657.829100087953,-5888.316062073992,-7537.62238286494,-5761.0432606316535,-3654.8352789637397,-2099.5226714811783,-2999.457886757508,-6049.779306285488,-7302.710553767709,-7044.174976197576,-4817.387629084434,-1888.9833547152882,-4511.445251633369,-7121.968670272767,-6925.158958093456,-5916.660395622914,-7096.802265698528,-4007.807703173854,-4382.233690586908,-4517.184067748626,-4677.827956810267,-4764.976454886367,-4857.973517186479,-4900.036825684345,-4826.992490934023,-556.3860621729424,5856.556659923927,11673.117022045582,15300.422581425346,13565.19362941633,9892.892298294253,4854.4931230822385,-637.9983278059169,-5997.993482063387,-5202.901375936569,-6050.245614959312,-3842.525090021495,-2058.3833673458707,-2805.2351505455995,-5565.151340898324,-7133.071308871189,-7233.547393727054,-5461.801209785995,-2558.4397894380063,1723.5696620612634,4096.777184470181,-193.65625463936766,-1800.4313401291695,-4258.3233393585,-6863.3459677740475
Ti,-9077.90048524396,-11804.239862502702,-10026.348760289658,-4554.1338456882795,-6936.198243116027,-6015.613888344186,-4010.612088405581,-7223.039004954311,-10985.755674401978,-11731.8932119708,-10402.932420740195,-7965.70859371358,-6932.983598034217,-6040.373406926338,-4123.194453870799,-5792.602652081914,-10395.727883007688,-11569.570962801718,-10729.897101147584,-7308.885662334633,-3622.205659844342,-0.0,2255.6525628788686,2753.436154445962,1390.3204190433335,-491.6286720043513,-2462.6585859696556,-4692.2602672304665,-7071.0655821842765,-9938.665058321565,-9194.282324540494,-7103.217019261585,-4966.144312722072,-6337.726698888469,-10235.784592292757,-11403.103360390054,-10821.869957273282,-9069.171539045406,-3831.8078606581416,1407.7008796261523,5972.612477900124,7667.894808729489,5208.121776010335,1247.486641796585,-2932.733918194152,-7280.035409762866,-9510.52261467051,-11159.827029725504,-9383.248315215475,-7277.039325504439,-5721.726078181181,-6621.660830546901,-9671.981406249095,-10924.915400934435,-10666.379507059492,-8439.594825025406,-5511.188624063673,-8133.649929323958,-10744.175349134788,-10547.36374937502,-9538.864903875425,-10719.00648084925,-7630.012135637628,-8004.4379287887805,-8139.38873380172,-8300.032409130352,-8387.18146269023,-8480.17978720904,-8522.243594300364,-8449.19664828077,-4178.592330326888,2234.352384418539,8050.914660989177,11678.218202396747,9942.989581199126,6270.687957182122,1232.2886714217368,-4260.203913439322,-9620.197476054798,-8825.107794884107,-9672.449856914203,-7464.72929292066,-5680.587845019578,-6427.439659468339,-9187.355863652838,-10755.27546366455,-10855.752064261058,-9084.005405654825,-6180.6435925307305,-1898.6105907223928,474.5722164166512,-3815.861567883387,-5422.6371691607055,-7880.528394599845,-10485.551164611927
