element,0,1,2,3,4,5,6,7,8,9,10,11,12,13,14,15,16,17,18,19,20,21,22,23,24,25,26,27,28,29,30,31,32,33,34,35,36,37,38,39,40,41,42,43,44,45,46,47,48,49,50,51,52,53,54,55,56,57,58,59,60,61,62,63,64,65,66,67,68,69,70,71,72,73,74,75,76,77,78,79,80,81,82,83,84,85,86,87,88,89,90,91,92,93,94
H,-0.0,-0.11610111994988744,-0.04038964898314526,0.19264450312563697,0.09120434719772486,0.13040742928066354,0.21579038437875137,0.078989254550223,-0.08124597777726844,-0.11302022966143303,-0.056426445308095215,0.047362658452414344,0.091341244786744,0.1293530196564338,0.2109960455251073,0.13990433418888235,-0.056119622080577414,-0.10610772082980992,-0.07035014447753714,0.07533343625483443,0.23233067560132264,0.3865821965848626,0.4826391165290722,0.5038372358160621,0.4457889478703825,0.3656461926365523,0.2817099046358393,0.18676237587267963,0.08546102304469395,-0.03665564843956895,-0.0049561221841388945,0.08409186058390078,0.1750990783991976,0.1166902822735449,-0.049308435321719156,-0.09901868681015302,-0.07426672080484031,0.0003717270830276767,0.2234047361875534,0.44652910270882956,0.6409257661706128,0.7131193457533103,0.6083699738401385,0.43970635462554175,0.2616917343536212,0.07656209915338481,-0.018423149307262736,-0.0886587289267354,-0.013002948623245027,0.07668965372105797,0.14292259723285294,0.10459889368236948,-0.025298922651316603,-0.07865508651201548,-0.06764534939473758,0.027182341157804525,0.15188836375729053,0.04021089677647396,-0.07095821750836924,-0.06257702526336939,-0.019630126527450463,-0.06988644751348595,0.061658291720906436,0.045713357504834386,0.039966505323203096,0.033125457714410764,0.029414231879949248,0.025453958203776567,0.02366265806820092,0.02677330163121573,0.2086370145434539,0.4817320274912536,0.7294302213149567,0.8838988854844144,0.8100042250582332,0.6536193179709535,0.4390591187124464,0.20516149780129123,-0.023093646534135065,0.010765255547319245,-0.025318809372432326,0.06869685749210729,0.1446744728007524,0.11286981285554229,-0.004661276809739231,-0.07143109042758708,-0.07570972932886905,-0.0002600554171824152,0.12337949856111784,0.30572990005662815,0.40679184717819905,0.22408386779338835,0.1556593007865224,0.050990110820585764,-0.059944860081461875
He,0.11610111994988744,-0.0,0.07571145865798128,0.30874562270421574,0.20730545418599014,0.24650854526144897,0.3318915010345734,0.1950903746407644,0.03485513243686227,0.003080872373400609,0.059674645673882816,0.1634637695536662,0.20744233732043096,0.24545413146284872,0.327097148797122,0.2560054447715715,0.05998148690808089,0.009993363019290281,0.04575094652672115,0.19143456387528923,0.3484317865062055,0.50268330022768,0.5987402238057588,0.6199383369724135,0.561890037162559,0.48174734591158713,0.39781105139748923,0.3028635127358316,0.20156212843344026,0.07944546181771635,0.11114500990266725,0.20019296328486408,0.29120017490378614,0.23279138049434334,0.06679267990261442,0.01708231959998243,0.04183436303156976,0.1164728149886074,0.33950585839296377,0.5626302115699554,0.7570268707111532,0.8292204580275316,0.7244710776623393,0.5558074508282949,0.3777928367155781,0.1926631655167748,0.09767795962231857,0.027442322588398158,0.10309795439113237,0.19279077156267407,0.2590237060856016,0.22070001486860635,0.09080218965864849,0.037446129189413105,0.04845575642910063,0.1432834427717186,0.26798929173217806,0.1563119947273938,0.045142890591052136,0.053524074056721896,0.09647097464947614,0.04621465922063132,0.17775938483930287,0.1618144451200553,0.1560676388710649,0.14922659266795157,0.14551537141966006,0.14155507129590114,0.13976380202386515,0.14287444156514173,0.32473809472003756,0.5978331330860083,0.8455313248469701,1.0,0.9261053439425758,0.7697204326891426,0.5551602325989488,0.32126261084775054,0.09300745970482482,0.12686635885105008,0.09078229214146047,0.18479795137790953,0.26077556973509197,0.22897090199711287,0.11143995663912327,0.04466989318249529,0.04039132021759439,0.11584119275384969,0.23948060338610772,0.42183098547463443,0.5228929227165529,0.3401849711473766,0.2717604723647088,0.16709121913855662,0.056156237406348244
Li,0.04038964898314526,-0.07571145865798128,-0.0,0.23303415276953782,0.1315939970137484,0.17079705603573603,0.2561800083382002,0.11937888416315236,-0.04085632048118815,-0.07263058312633319,-0.016036841182102492,0.08775231279419884,0.1317308830543813,0.16974266881846728,0.2513856931383851,0.1802939821204781,-0.015729970784032873,-0.06571807232922101,-0.029960496347067902,0.11572311199846194,0.27272032855446454,0.4269718459437955,0.5230287638775583,0.5442268697425996,0.4861786566011342,0.4060359147247331,0.3220996199787947,0.22715206871271035,0.12585070149196698,0.003734007062869166,0.03543353723476591,0.12448148790525967,0.21548870567346573,0.15707990277295977,-0.008918814368421313,-0.05862903873122281,-0.03387713945775143,0.0407613630909057,0.2637944044577072,0.4869187579883106,0.6813154151692165,0.7535089992671995,0.6487596042075688,0.48009599557175847,0.3020813826506393,0.11695170077069726,0.02196649879552239,-0.04826908026566143,0.027386488752704722,0.11707930757185454,0.18331225107135096,0.14498854754029697,0.015090732555733366,-0.03826551587239126,-0.02725574054611835,0.06757198856846892,0.19227785874614686,0.08060054035132123,-0.030568568871713043,-0.022187380702825867,0.020759519840417635,-0.02949679962132651,0.10204793980483175,0.08610302000508455,0.08035616528213832,0.07351513045458528,0.0698038820848531,0.0658441903580521,0.06405231256417566,0.06716298753156644,0.24902666345846142,0.5221216825574517,0.769819869718948,0.9242885402672104,0.850393846430533,0.6940089520182533,0.47944876860213287,0.2455511469607886,0.017296001378312883,0.051154908032820634,0.015070841120883673,0.10908651623873912,0.18506410053031186,0.15325945606357247,0.03572849406889275,-0.031041439787812215,-0.03532007949608512,0.04012974555171882,0.16376915203481646,0.34611954837845876,0.4471815010916102,0.26447346312010367,0.1960489665912347,0.09137975980493322,-0.0195553285404171
Be,-0.19264450312563697,-0.30874562270421574,-0.23303415276953782,-0.0,-0.10144015455204627,-0.06223709447008739,0.02314585722883773,-0.11365526282342775,-0.2738904875712965,-0.3056647592814733,-0.24907095588502032,-0.14528183953595705,-0.10130326493323724,-0.06329147139479226,0.018351543710228,-0.05274016300698562,-0.24876414666661895,-0.2987522232182903,-0.2629946420870082,-0.11731099064438674,0.03968665011329982,0.19393769170188585,0.28999461173817415,0.3111927331745204,0.25314444148674153,0.17300169510686425,0.0890654037209416,-0.005882115456682467,-0.10718348059276789,-0.22930014516140376,-0.19760061635014806,-0.1085526431692656,-0.01754542541494869,-0.07595422742354696,-0.2419529325438409,-0.2916631927058854,-0.26691046837846755,-0.19227278140591983,0.03076027792364717,0.25388458399872865,0.44828128216773994,0.5204748251298125,0.4157254415862187,0.24706184460802655,0.06904727334515462,-0.11608244015943114,-0.2110676980454217,-0.2813032346945013,-0.2056476595648623,-0.11595482578713737,-0.049721893169508855,-0.08804559283753025,-0.2179434110870019,-0.2712995776411814,-0.26028992056668754,-0.1654621620632358,-0.04075627660281355,-0.15243360347474974,-0.26360275516213993,-0.25522157682979907,-0.2122746626770335,-0.2625309682009406,-0.13098621057723764,-0.1469312043020036,-0.15267798781419878,-0.15951903294053155,-0.16323025436263836,-0.16719053675160397,-0.16898180581164748,-0.16587116037400113,0.015992489176481082,0.28908750492976026,0.5367856537841404,0.6912543613307515,0.6173596839470117,0.46097479971359795,0.24641461703542236,0.012517066728947857,-0.21573821695308512,-0.18187925717532896,-0.21796331581618986,-0.12394765148515191,-0.04797002616436581,-0.07977469214772061,-0.19730563561371783,-0.26407548121045626,-0.26835422892814237,-0.19290448580862013,-0.06926500016957828,0.11308537071317454,0.2141472909762489,0.03143937383728885,-0.03698512602106222,-0.1416544539793393,-0.2525892822416969
B,-0.09120434719772486,-0.20730545418599014,-0.1315939970137484,0.10144015455204627,-0.0,0.03920306022367881,0.12458601201218118,-0.012215108137688342,-0.17245033040123078,-0.20422457629442697,-0.14763080770248924,-0.04384168881047975,0.00013688665643963186,0.03814868210395729,0.11979169223981476,0.04869999990944828,-0.14732397103353653,-0.1973120674916418,-0.16155448755207186,-0.01587091105215448,0.14112631695168734,0.2953778527458487,0.3914347663491946,0.4126328874213251,0.35458460137362463,0.2744418544130473,0.19050555745694425,0.09555802764810456,-0.005743326421212417,-0.12785999844871043,-0.09616044987125533,-0.007112489152676818,0.08389472682853975,0.02548592482633666,-0.14051277798355777,-0.1902230372637001,-0.1654711071779421,-0.09083262648688027,0.1322003896934203,0.35532474567995864,0.5497214456397965,0.6219149753944897,0.5171655954971155,0.3485019985384907,0.17048738478091358,-0.014642250939629863,-0.1096275001782515,-0.17986308759551828,-0.10420750445701542,-0.014514680708055417,0.051718265646475886,0.013394798262378348,-0.11650327581173944,-0.16985942330569895,-0.1588496995696169,-0.06402200817975112,0.060684016382074275,-0.050993455276441293,-0.16216257731077544,-0.15378138056509497,-0.11083447666842329,-0.161090797207441,-0.029546034379072852,-0.04549099484287517,-0.051237834175401266,-0.05807889190233255,-0.06179011858906448,-0.06575039521242815,-0.06754163628938135,-0.06443103595522844,0.11743265346667754,0.3905276660296424,0.6382259213507031,0.7926945437425158,0.7187998378534075,0.5624149536327596,0.34785477097055467,0.11395722090566482,-0.11429800212280831,-0.08043910222204266,-0.11652314907216216,-0.022507488967163893,0.05347012914289721,0.021665469117719688,-0.09586550804447902,-0.1626353295930945,-0.1669140702829807,-0.09146425344660496,0.0321751568691428,0.21452552978152817,0.31558748777279466,0.13287952857338112,0.0644550291470837,-0.04021423438357271,-0.15114913603546098
C,-0.13040742928066354,-0.24650854526144897,-0.17079705603573603,0.06223709447008739,-0.03920306022367881,-0.0,0.08538295509334196,-0.051418172724394466,-0.21165340134870772,-0.24342767536961088,-0.18683386800942828,-0.08304474278283606,-0.03906616581888853,-0.0010543916142922813,0.08058863951658728,0.009496926137971824,-0.18652704665738135,-0.2365151275866871,-0.20075754802114731,-0.055073895234305274,0.10192323219533007,0.2561747878314625,0.35223170652161234,0.37342982448954837,0.3153815417240993,0.2352387947681223,0.15130249791090328,0.05635496798167838,-0.04494638415066772,-0.16706306111744168,-0.13536350331873281,-0.046315555920064415,0.04469166402949938,-0.013717136346561786,-0.17971583891684895,-0.22942609719625653,-0.20467211332431212,-0.1300356862599224,0.0929973255719727,0.31612168243226535,0.5105183851447994,0.582711943972392,0.4779625358984402,0.3092989391655397,0.13128436587763653,-0.05384534885885947,-0.14883058934915183,-0.2190661505704147,-0.1434105550602675,-0.05371774299040854,0.012515156535777328,-0.02580849406716881,-0.15570631664864265,-0.20906248320852974,-0.19805275683924298,-0.10322506819552398,0.021480956316767195,-0.09019650502257237,-0.2013656264947057,-0.19298444868140757,-0.15003753651616494,-0.2002938739035191,-0.06874912565782003,-0.08469402081724596,-0.09044089284985196,-0.09728192129619398,-0.10099313714363183,-0.10495344362202509,-0.106745915786092,-0.10363406404698647,0.07822959278588833,0.3513246030153907,0.5990229381512544,0.7534914556427179,0.6795967782556009,0.5232118940311734,0.3086517113495191,0.0747541615671569,-0.15350112075882472,-0.11964216257641427,-0.15572620897210795,-0.06171055322556245,0.01426707247076986,-0.017537591327688434,-0.135068568446474,-0.20183838954175298,-0.2061171299160397,-0.1306673132075751,-0.007027858026555771,0.17532246605500684,0.2763844248078599,0.0936764686719941,0.02525191381127866,-0.07941729755791885,-0.19035219932354194
N,-0.21579038437875137,-0.3318915010345734,-0.2561800083382002,-0.02314585722883773,-0.12458601201218118,-0.08538295509334196,-0.0,-0.1368011281542769,-0.2970363575312476,-0.3288106291339316,-0.272216819957844,-0.16842769743597874,-0.12444911556638487,-0.08643733120386927,-0.004794316488007347,-0.0758860158134782,-0.27191000377979746,-0.3218980807318598,-0.28614049981436956,-0.14045684660013624,0.016540276209106832,0.17079182937793203,0.2668487553168964,0.2880468758423656,0.22999858141957583,0.14985583486633533,0.06591954895704788,-0.029027983767058587,-0.13032933810332997,-0.252446002333109,-0.2207464734645462,-0.13169850093777283,-0.04069128676893308,-0.0991000788155525,-0.26509879024590927,-0.31480905034262,-0.29005709113743805,-0.21541887201235124,0.007614356549061507,0.2307387312668644,0.42513542718713515,0.49732899080731413,0.392579584205024,0.22391598745665173,0.0459014174663114,-0.13922830656050503,-0.23421355787131923,-0.3044490900203404,-0.2287935173207959,-0.1391006834371192,-0.07286775168979483,-0.11119145135781613,-0.24108926872290062,-0.29444543530722395,-0.2834357777148354,-0.18860802018654194,-0.06390215028670466,-0.17557946135027164,-0.28674861227504467,-0.2783674366187855,-0.23542048938606747,-0.2856768252575769,-0.15413208866910988,-0.17007707422427817,-0.1758238436242891,-0.1826648889223252,-0.1863761101534554,-0.19033639502254665,-0.19212766157323316,-0.18901701795242512,-0.007153416865599835,0.26594164427465183,0.5136397747130586,0.6681085317580034,0.5942138263039963,0.4378289426558088,0.223268760191292,-0.010628788594307121,-0.238884076715873,-0.20502511597992137,-0.24110917357364808,-0.14709348830412267,-0.07111588468465174,-0.10292055066800662,-0.2204514932513473,-0.2872213388369868,-0.29150012461157243,-0.21605034872836038,-0.09241077607075322,0.08993951290845568,0.19100150285161996,0.008293414463640849,-0.06013099045925328,-0.16480030664667547,-0.27573513053979914
O,-0.078989254550223,-0.1950903746407644,-0.11937888416315236,0.11365526282342775,0.012215108137688342,0.051418172724394466,0.1368011281542769,-0.0,-0.16023522935056905,-0.19200950872654868,-0.13541569973924134,-0.03162657996210924,0.01235200576639298,0.0503637910495352,0.13200681049413995,0.06091510727173969,-0.13510886288030632,-0.1850969596664547,-0.14933937352299703,-0.0036558136839437475,0.15334145097344692,0.30759296040887785,0.40364987464174423,0.42484799262938816,0.3667997093608867,0.2866569632589903,0.20272067438878977,0.10777313642459255,0.006471795078216496,-0.11564488980678564,-0.0839453356366767,0.005102618263914508,0.09610983439611351,0.03770103142761083,-0.12829766984752317,-0.1780079292336927,-0.15325597154383724,-0.07861751858948914,0.14441549283224708,0.3675398528975854,0.5619365473112212,0.6341301092463144,0.5293807047113661,0.36071710798032897,0.1827024940336819,-0.0024272063121508606,-0.09741239208515812,-0.1676479802020007,-0.09199238722911553,-0.0022994176012255973,0.06393336893040648,0.025609674284219154,-0.10428816780917186,-0.15764431532883272,-0.14663459147847335,-0.05180690013394539,0.0728989794283468,-0.0387783472494948,-0.14994746856013494,-0.14156627303067043,-0.09861936861668677,-0.1488756891417841,-0.017330926215547496,-0.0332758845515829,-0.039022724133905264,-0.045863753403810964,-0.04957498732104176,-0.0535352710417994,-0.055326522196768126,-0.05221592608688449,0.12964775877913579,0.40274277222824045,0.650441015716886,0.8049096199365028,0.7310149470691705,0.5746300628455251,0.36006988022370545,0.1261723259364931,-0.10208295209034311,-0.06822398557152025,-0.10430804114139931,-0.010292381586388507,0.06568523712051892,0.03388057702369954,-0.08365040006685724,-0.15042022163615987,-0.1546989679639785,-0.07924914330033224,0.044390262468149005,0.22674066354619568,0.3278025740445267,0.1450946348675239,0.07667013383422605,-0.027999126439255898,-0.1389340279714369
F,0.08124597777726844,-0.03485513243686227,0.04085632048118815,0.2738904875712965,0.17245033040123078,0.21165340134870772,0.2970363575312476,0.16023522935056905,-0.0,-0.03177425947563985,0.02481950477060738,0.12860863168757622,0.17258721630907417,0.21059899833990187,0.29224201973827185,0.22115031528107257,0.02512635235600635,-0.024861749980365378,0.01089581909529899,0.1565794368426966,0.31357664732825963,0.4678281687112815,0.5638850891898987,0.5850832057626141,0.5270349234689806,0.4468921642168739,0.3629558744667837,0.26800834980166505,0.16670699484019724,0.04459033985073269,0.07628988102336463,0.1653378381198585,0.2563450580730714,0.19793625472268875,0.03193753655725257,-0.017772764849895376,0.006979188960978169,0.08161767167894754,0.3046507102313768,0.527775684485832,0.7221460238505151,0.7943653177640371,0.689615949090755,0.5209523283339992,0.3429377069375385,0.15780802447811204,0.06282278030830532,-0.007412810186447785,0.06824280692639009,0.15793562557490423,0.22416856907397764,0.18584486554278348,0.05594704802141654,0.002590809536695651,0.013600618640927476,0.1084283113409565,0.2331341520357782,0.12145685816849862,0.010287758202076626,0.018668943291561664,0.06161583899371219,0.011359522940641218,0.14290426496833283,0.1269592620407822,0.12121248616848501,0.11437143214716332,0.1106602124985989,0.10669993028532315,0.10490865912410875,0.1080192961122107,0.2898829887206361,0.5629779956059131,0.8106761892772145,0.9651448574951546,0.8912501966007081,0.734865275684933,0.5203051031277598,0.28640747171337827,0.0581523209052029,0.0920112259057019,0.05592715651094516,0.14994283912246162,0.22592041853309913,0.19411579801578674,0.07658481430903442,0.009814885730125636,0.005536115310970775,0.08098606708105324,0.2046255782505546,0.38697587603997086,0.4880378136987137,0.3053298392290223,0.2369052912232397,0.13223608141992377,0.02130112197925245
Ne,0.11302022966143303,-0.003080872373400609,0.07263058312633319,0.3056647592814733,0.20422457629442697,0.24342767536961088,0.3288106291339316,0.19200950872654868,0.03177425947563985,-0.0,0.056593770817917485,0.1603828926347734,0.20436147034061872,0.24237325512944194,0.3240162751875469,0.2529245683274966,0.056900610117968035,0.006912493658770082,0.0426700938370809,0.18835369383848333,0.3453508543705987,0.49960241967345476,0.5956593713489708,0.6168574561544382,0.5588092094350541,0.4786664725377879,0.3947301809616535,0.2997826434687245,0.19848125063329888,0.07636458432605975,0.10806411948074504,0.19711208095809682,0.2881192961939038,0.2297105022434723,0.06371179924446947,0.014001496989546662,0.038753455451869874,0.11339193423047439,0.3364249834836621,0.5595493362698288,0.7539462264440147,0.8261395644266455,0.7213901883248125,0.552726566941346,0.3747119573752537,0.1895822786403705,0.09459707944340068,0.02436145111868386,0.10001707703630017,0.1897098938401348,0.2559428268528423,0.21761913611897968,0.08772130500128955,0.034365071611441214,0.04537482566736237,0.14020257481007226,0.26490842363889167,0.15323111898831182,0.04206201640553156,0.05044320376258829,0.0933901026059674,0.043133782762159456,0.17467851220888236,0.1587335414183831,0.15298674252722838,0.1461457169886865,0.142434498425049,0.13847419115405313,0.13668292716488295,0.139793564902751,0.3216572158426756,0.5947522462613046,0.8424504299593673,0.9969190967914756,0.923024447219836,0.7666395256764507,0.5520793373214302,0.31818173173906805,0.08992657896297278,0.12378548826230322,0.0877014153096724,0.1817170742739549,0.25769467069516555,0.22589002333417074,0.10835908024751766,0.04158906986463407,0.03731045472057009,0.11276032749242897,0.23639973915633544,0.41875007665022596,0.5198120702945539,0.337104088900492,0.26867959265195274,0.1640103359560567,0.05307536321200551
Na,0.056426445308095215,-0.059674645673882816,0.016036841182102492,0.24907095588502032,0.14763080770248924,0.18683386800942828,0.272216819957844,0.13541569973924134,-0.02481950477060738,-0.056593770817917485,-0.0,0.10378911476305747,0.14776772467414104,0.18577952244642848,0.2674225361072568,0.19633082016622366,0.0003068254764166159,-0.04968126107412322,-0.013923685380138374,0.13175992236740114,0.28875715743043556,0.4430086530107573,0.5390656159999897,0.5602637866893352,0.5022155212679009,0.42207265937412486,0.3381363701277597,0.2431888376221246,0.14188748479361463,0.019770818042790683,0.05147036362497427,0.1405183011248853,0.23152552261100237,0.17311670945566207,0.0071179941984772606,-0.04259223353235293,-0.017840259236138613,0.05679817696753519,0.27983121635497155,0.5029555912449221,0.6973522256500803,0.7695458053723903,0.6647963967176724,0.4961328000604505,0.3181181864420784,0.13298852180898538,0.0380033066653174,-0.03223232153238008,0.04342331038776779,0.13311613146214119,0.1993490750102515,0.16102537141727605,0.031127536251680365,-0.022228702913823447,-0.011218999833285085,0.0836087996774089,0.20831480311687106,0.09663736458551393,-0.014531756303979498,-0.006150605292380874,0.036796340463222055,-0.01345998224811427,0.11808475606624894,0.10213983231875153,0.09639296358399832,0.089551884118267,0.08584073011431731,0.08188041841624126,0.08008914750021058,0.08319978315717802,0.2650634638342198,0.5381585090122032,0.7858566781641495,0.9403253568998702,0.8664306367336096,0.7100457631843842,0.4954855800628173,0.2615879597745971,0.03333280917172655,0.06719171629278323,0.031107657724653938,0.12512330828334275,0.2011009244820035,0.16929625202218235,0.05176530816447295,-0.015004625079501724,-0.01928336490065531,0.056166548343391395,0.17980602478518223,0.362156361895393,0.4632182969578668,0.2805102629526405,0.21208576186382067,0.1074165616843074,-0.0035184367252493734
Mg,-0.047362658452414344,-0.1634637695536662,-0.08775231279419884,0.14528183953595705,0.04384168881047975,0.08304474278283606,0.16842769743597874,0.03162657996210924,-0.12860863168757622,-0.1603828926347734,-0.10378911476305747,-0.0,0.04397857693350011,0.08199036702788283,0.16363338153942833,0.09254168092642968,-0.10348229593106123,-0.15347040868643208,-0.11771279715158031,0.027970848398393082,0.18496803466134495,0.3392195288457116,0.43527651091746733,0.4564745734283673,0.3984262873302298,0.31828354268855275,0.23434725467989448,0.13939972147010005,0.03809836884829323,-0.08401829930090851,-0.052318763157428526,0.03672918629645077,0.1277364071115985,0.06932759533279437,-0.09667112941451242,-0.14638135501381436,-0.12162941949854678,-0.04699098388719407,0.1760419973389562,0.39916646313191306,0.5935631081564932,0.6657566918640017,0.5610072925859615,0.39234366619423006,0.21432912678051969,0.029199428380759757,-0.06578580719969189,-0.1360213896864445,-0.06036582376056464,0.029327005242271338,0.0955599385710679,0.05723623498053656,-0.07266158828682949,-0.1260177411912549,-0.11500801652413145,-0.02018041851678593,0.10452572047914462,-0.007151768753159147,-0.11832090219249354,-0.10993970887734959,-0.06699279512256984,-0.1172491157506624,0.014295654853502107,-0.0016493008882558183,-0.007396153016864829,-0.014237176660494366,-0.017948401921647303,-0.021909329671848204,-0.023699967520573573,-0.02058932868531986,0.16127435489792336,0.4343693708135846,0.6820675598233367,0.8365362343199404,0.7626415241456422,0.6062566391161415,0.39169646589689305,0.15779884527450136,-0.0704563020740699,-0.03659740634848242,-0.0726814752706932,0.02133419555365119,0.09731181616192924,0.06550715153676111,-0.05202381966726035,-0.11879364673355598,-0.12307239685180625,-0.04762257528068914,0.0760169274181903,0.2583672362796966,0.35942918393894985,0.1767211456288886,0.10829670494338035,0.0036273499688180906,-0.10730745260609068
Al,-0.091341244786744,-0.20744233732043096,-0.1317308830543813,0.10130326493323724,-0.00013688665643963186,0.03906616581888853,0.12444911556638487,-0.01235200576639298,-0.17258721630907417,-0.20436147034061872,-0.14776772467414104,-0.04397857693350011,-0.0,0.0380117838427713,0.11965480497852035,0.04856309976890842,-0.14746087956582096,-0.1974489705184508,-0.16169138134792171,-0.016007736389282663,0.1409894340639817,0.2952409571542979,0.39129790863354247,0.41249614231425075,0.35444770672280496,0.2743049594224141,0.19036869745532434,0.09542113731087618,-0.005880216839031062,-0.12799688669887221,-0.09629734960349434,-0.007249387500403965,0.08375782982920349,0.025349026839822337,-0.14064967736092815,-0.190359937920695,-0.16560801689879656,-0.09096958481496017,0.1320634938535777,0.3551878678636395,0.5495845225505882,0.6217781085674519,0.5170287249495453,0.3483651063721348,0.170350498296362,-0.01477914602285068,-0.1097644216220573,-0.17999998803669368,-0.10434440311557547,-0.01465161161868212,0.05158136298292262,0.013257666470625993,-0.11664017200922501,-0.16999632404867504,-0.15898665675149481,-0.06415890873136532,0.06054713564961115,-0.051130342485490435,-0.16229949741501376,-0.15391830744429752,-0.11097139692421633,-0.16122771244742776,-0.029682927874074762,-0.04562785784619533,-0.0513747318421678,-0.058215762887327105,-0.06192703540417027,-0.06588726296609959,-0.06767855085567968,-0.06456791224050375,0.11729576559084938,0.39039078261211235,0.6380890348367694,0.7925576499144548,0.7186629824511604,0.5622780684407549,0.34771788605780835,0.11382032172693232,-0.11443494632848496,-0.08057599349365598,-0.1166600589845324,-0.022644433823579484,0.05333322998806569,0.021528569210106378,-0.09600240719931061,-0.16277223045249134,-0.16705097132386076,-0.09160115978537468,0.032038260236408475,0.21438865536710297,0.3154505867794963,0.13274261963347714,0.06431812462055048,-0.04035114477745099,-0.15128603805920243
Si,-0.1293530196564338,-0.24545413146284872,-0.16974266881846728,0.06329147139479226,-0.03814868210395729,0.0010543916142922813,0.08643733120386927,-0.0503637910495352,-0.21059899833990187,-0.24237325512944194,-0.18577952244642848,-0.08199036702788283,-0.0380117838427713,-0.0,0.08164301963391998,0.010551313657548918,-0.18547266586793673,-0.2354607552551138,-0.19970316929693058,-0.054019517329021154,0.10297772541194035,0.25722917139685086,0.3532860857318904,0.3744842515408332,0.31643598258984124,0.23629317563447225,0.15235688675778847,0.057409350076942894,-0.04389199353673764,-0.16600866751961327,-0.13430913542858622,-0.04526117177648293,0.04574604024944295,-0.012662755143219136,-0.17866146130045413,-0.22837172177203724,-0.2036197919388336,-0.12898130979351902,0.09405174350226786,0.31717607685430294,0.5115727595004826,0.5837663185823347,0.47901692218890013,0.3103533267029532,0.13233871350763232,-0.0527909679832642,-0.14777621287130827,-0.21801176667540836,-0.14235618817089776,-0.052663366891768475,0.013569580427127482,-0.02475412183362206,-0.15465194158835807,-0.20800810770379224,-0.19699837793999692,-0.10217069191872677,0.022535269469397202,-0.08914213933747801,-0.200311273846735,-0.1919300937788929,-0.14898318304562985,-0.19923950478481237,-0.06769472799165209,-0.08363964766622387,-0.08938650858056667,-0.0962275970021071,-0.09993875147717703,-0.10389905059928055,-0.10569031577486128,-0.10257969583174502,0.0792839806990165,0.3523789913806301,0.6000771925394388,0.7545458583133812,0.6806511961463783,0.5242662902906575,0.3097060989960683,0.07580853843687098,-0.1524467494574343,-0.11858778547233677,-0.15467184288353697,-0.060656177126922374,0.015321445582731848,-0.016483220458741184,-0.13401416611500153,-0.2007840141185611,-0.2050627501703404,-0.12961294034378232,-0.005973524363783093,0.17637683863974574,0.27743879780487946,0.09473084372681559,0.026306340765496795,-0.07836297470535837,-0.18929782024551436
P,-0.2109960455251073,-0.327097148797122,-0.2513856931383851,-0.018351543710228,-0.11979169223981476,-0.08058863951658728,0.004794316488007347,-0.13200681049413995,-0.29224201973827185,-0.3240162751875469,-0.2674225361072568,-0.16363338153942833,-0.11965480497852035,-0.08164301963391998,-0.0,-0.07109170486747189,-0.2671156845765848,-0.3171037802200558,-0.2813466742093818,-0.1356625671255281,0.021334540597369733,0.17558614698573233,0.2716430696892943,0.2928412325865215,0.23479290284974785,0.1546501571717862,0.07071386900510315,-0.024233670676500143,-0.12553501446572507,-0.24765169318721833,-0.2159521543131238,-0.12690420004327058,-0.035896966836876223,-0.0943057701144043,-0.26030450501655367,-0.31001473635538923,-0.2852627706580966,-0.21062432106391812,0.012408729396347034,0.2355335283792461,0.4299297160225711,0.5021233055099983,0.3973739102345633,0.22871030777668827,0.05069572486482315,-0.13443397627168013,-0.2294192418830105,-0.2996547989996186,-0.22399920257992875,-0.1343063709376903,-0.06807343925890709,-0.1063971233146007,-0.23629497098697808,-0.28965112356318795,-0.2786414558788517,-0.1838138009872109,-0.05910766547487647,-0.17078514697467664,-0.2819542947108829,-0.2735731192835715,-0.23062620730029576,-0.28088252076121556,-0.14933773628120794,-0.16528266844426973,-0.17102954491584718,-0.17787062131999623,-0.18158177745235632,-0.1855420731652887,-0.18733334218426517,-0.18422274694827478,-0.002359234828631262,0.2707359586182829,0.5184341994536436,0.6729028416652909,0.5990081459039963,0.4426232623193501,0.22806307931741984,-0.005834531920225545,-0.23408975513879493,-0.2002307941598201,-0.23631485957008436,-0.14229917579329268,-0.06632156987664645,-0.0981262358600013,-0.2156572035913626,-0.2824270262453584,-0.2867057715208683,-0.2112559559777727,-0.08761645586654829,0.09473382621399107,0.19579584508293105,0.013087828772642538,-0.055336673989899894,-0.1600060030573907,-0.2709408164034855
S,-0.13990433418888235,-0.2560054447715715,-0.1802939821204781,0.05274016300698562,-0.04869999990944828,-0.009496926137971824,0.0758860158134782,-0.06091510727173969,-0.22115031528107257,-0.2529245683274966,-0.19633082016622366,-0.09254168092642968,-0.04856309976890842,-0.010551313657548918,0.07109170486747189,-0.0,-0.19602397875936464,-0.24601206622384367,-0.21025447963086588,-0.06457083278503568,0.09242646641105005,0.24667785913990967,0.3427347729609045,0.36393294784445607,0.30588461000174105,0.22574186082201017,0.14180557375338765,0.04685804078451525,-0.054443305192111775,-0.17655998434909084,-0.14486044850405944,-0.05581248502186759,0.03519472893385385,-0.023214068651540774,-0.18921277476374826,-0.23892303534207524,-0.2141711036487763,-0.13953267344719492,0.0835003729764181,0.30662476509381176,0.5010214269643959,0.5732150056359888,0.46846561300040873,0.2998020125497342,0.12178739915137736,-0.06334228157891214,-0.15832752430264513,-0.2285630930373486,-0.15290750163233224,-0.06321466989943304,0.0030182233833579214,-0.03530543462157421,-0.1652032693918703,-0.21855942127726535,-0.2075496947048808,-0.11272200639980046,0.011983981135419383,-0.09969344585393798,-0.21086260030873785,-0.20248141002440803,-0.1595344994057572,-0.2097908121990598,-0.07824602537611655,-0.09419096144975457,-0.09993781353823748,-0.10677889969554291,-0.11049015564017996,-0.1144503606494493,-0.11624164342031558,-0.11313100949027016,0.06873266801364385,0.3418276732782204,0.5895258652577078,0.7439945451040846,0.670099883274494,0.5137149691979718,0.2991547868306867,0.06525722117490912,-0.1629980576926173,-0.12913909780427232,-0.1652231563685139,-0.07120748991487452,0.0047700695925133735,-0.02703461141445907,-0.144565479735863,-0.21133532772327307,-0.21561406920683482,-0.1401642573105875,-0.016524839760935522,0.1658255261531151,0.266887486153537,0.08417952225625969,0.015755029609602123,-0.08891430114835826,-0.19984913515633146
Cl,0.056119622080577414,-0.05998148690808089,0.015729970784032873,0.24876414666661895,0.14732397103353653,0.18652704665738135,0.27191000377979746,0.13510886288030632,-0.02512635235600635,-0.056900610117968035,-0.0003068254764166159,0.10348229593106123,0.14746087956582096,0.18547266586793673,0.2671156845765848,0.19602397875936464,-0.0,-0.04998809719251687,-0.014230518159368034,0.13145313693802163,0.28845033417275506,0.442701847926637,0.5387587760822776,0.5599569464050449,0.5019085808911595,0.4217658317335112,0.3378295403055982,0.24288201713188914,0.1415806653401055,0.019463991186867275,0.05116352963297282,0.140211485158176,0.2312187114945201,0.17280989915601852,0.006811193396814682,-0.04289907410955912,-0.018147161975384997,0.056491347987563736,0.27952426191651736,0.5026487647142271,0.6970454014019914,0.7692389889671145,0.6644896023595963,0.4958260026767151,0.31781134366090313,0.1326816805028088,0.037696452079008624,-0.03253911034335797,0.043116457093776414,0.1328092756857299,0.19904221913430495,0.16071851568683282,0.03082069684120609,-0.02253552223377846,-0.011525781583178792,0.08330196073645058,0.20800798852301564,0.09633052719738969,-0.014838595429657413,-0.006457428325810736,0.03648949309405357,-0.01376682397075446,0.11777793775965935,0.10183301248905646,0.09608615321318786,0.08924513843968114,0.08553388744524179,0.08157358038982869,0.079782308026842,0.08289294561500891,0.2647566673749227,0.5378516726815481,0.7855498482937789,0.9400185251661853,0.8661238554965719,0.7097389647622698,0.49517875701831227,0.26128114512049805,0.03302596467524116,0.06688487495022759,0.030800810341819317,0.12481647553587334,0.20079410088525812,0.16898942582867327,0.05145846312882395,-0.015311446011328722,-0.019590141277327756,0.055859715875199015,0.17949920585226956,0.36184953306057904,0.4629114631566696,0.28020345559889936,0.21177894614019568,0.10710968048742457,-0.0038238239023360788
Ar,0.10610772082980992,-0.009993363019290281,0.06571807232922101,0.2987522232182903,0.1973120674916418,0.2365151275866871,0.3218980807318598,0.1850969596664547,0.024861749980365378,-0.006912493658770082,0.04968126107412322,0.15347040868643208,0.1974489705184508,0.2354607552551138,0.3171037802200558,0.24601206622384367,0.04998809719251687,-0.0,0.03575757419325222,0.18144123779484045,0.3384384243837129,0.49268993018974866,0.5887469118091047,0.6099449574974811,0.5518966747665524,0.4717539272489088,0.3878176404235926,0.2928701085088392,0.1915687558904044,0.0694520902305927,0.10115161006176727,0.19019960103540381,0.2812068000231383,0.22279800142435377,0.05679929688443533,0.0070889919022401725,0.031840958590832726,0.10647944037506835,0.32951239159363777,0.5526368710780135,0.7470334938469366,0.8192270854547945,0.7144777037570409,0.5458141537376032,0.36779952772384145,0.18266986328596801,0.08768457277012405,0.017448955934013775,0.09310457188898319,0.1827973921848086,0.24903033673189287,0.2107066340175356,0.08080880463946016,0.02745252973342363,0.03846232348299342,0.13329005573411498,0.2579960870744178,0.1463185758806066,0.03514950656526639,0.043530713731141084,0.08647757933602346,0.03622127478832106,0.1677660355402948,0.1518210792774274,0.14607423654993754,0.13923320567045622,0.13552199525101583,0.13156167856536308,0.12977043568045601,0.13288106795068513,0.31474474296643956,0.587839726686643,0.8355379341166228,0.9900066285886197,0.916111948042382,0.7597270656326204,0.5451668631093812,0.3112692415979029,0.08301407231619708,0.11687297723496336,0.08078891351430288,0.17480457065283012,0.2507821886279272,0.2189775181613502,0.10144657383097637,0.03467659330400853,0.0303979525722626,0.1058478090455125,0.2294872386652978,0.4118375808157947,0.5128995781564032,0.33019158860630515,0.261767088809216,0.15709778758318782,0.04616278402301054
K,0.07035014447753714,-0.04575094652672115,0.029960496347067902,0.2629946420870082,0.16155448755207186,0.20075754802114731,0.28614049981436956,0.14933937352299703,-0.01089581909529899,-0.0426700938370809,0.013923685380138374,0.11771279715158031,0.16169138134792171,0.19970316929693058,0.2813466742093818,0.21025447963086588,0.014230518159368034,-0.03575757419325222,-0.0,0.14568361472891497,0.30268083359347286,0.4569324368816002,0.5529894172984059,0.5741873729935059,0.5161390887782874,0.43599634318665376,0.3520600409104685,0.25711252292073056,0.15581117370894065,0.033694512356775605,0.06539411842759542,0.1544419824437872,0.24544925588806665,0.1870404528430864,0.02104171807084535,-0.028668539469534453,-0.003916573710179978,0.07072262058147619,0.2937549017410529,0.5168792030359814,0.7112759154457954,0.7834694921397023,0.6787201924008913,0.5100566252648054,0.33204203992045045,0.1469122028260321,0.0519271410471713,-0.018308585177581563,0.057346993260422634,0.14703981622491336,0.21327271484018093,0.17494900138407254,0.04505124105545023,-0.008305004786426033,0.0027046989765282213,0.09753248371336262,0.22223849020512806,0.11056097173892764,-0.0006080415532041247,0.007773003779521727,0.050720036726802725,0.00046382471090810197,0.13200844124078526,0.11606351690470561,0.11031665496189942,0.10347563284764262,0.09976441116505214,0.09580412970456492,0.09401287679181868,0.09712349312985809,0.27898709915368514,0.552082148188187,0.7997803642056988,0.9542490292172172,0.8803543368744209,0.7239694379143867,0.5094091869248646,0.27551164246853505,0.0472564939133003,0.08111541098992221,0.04503133750213882,0.13904700582785484,0.21502464141049968,0.18321996086002787,0.06568901037006282,-0.001080331688452715,-0.005359672540134057,0.07009023423083359,0.19372975109538784,0.3760800447452828,0.47714200325303435,0.29443394916174104,0.2260094599421394,0.12134025042573454,0.010407399044115653
Ca,-0.07533343625483443,-0.19143456387528923,-0.11572311199846194,0.11731099064438674,0.01587091105215448,0.055073895234305274,0.14045684660013624,0.0036558136839437475,-0.1565794368426966,-0.18835369383848333,-0.13175992236740114,-0.027970848398393082,0.016007736389282663,0.054019517329021154,0.1356625671255281,0.06457083278503568,-0.13145313693802163,-0.18144123779484045,-0.14568361472891497,-0.0,0.15699723301480098,0.3112487384638915,0.40730564572754846,0.4285037612070562,0.3704554373923157,0.2903126900266529,0.20637640428340054,0.11142887385100017,0.010127567976332788,-0.11198914783284708,-0.0802896093007121,0.008758399214591994,0.09976557134675788,0.0413568066617746,-0.1246419169597692,-0.17435220597046266,-0.14960021616053434,-0.07496178816174082,0.14807129839780275,0.37119566036972,0.5655922905910126,0.6377858436773426,0.5330364676556774,0.3643728727682337,0.18635825941346584,0.0012286051844370548,-0.09375664014300204,-0.163992232888069,-0.08833666118695827,0.0013561677464321781,0.06758908591504081,0.02926565637166828,-0.10063281252915005,-0.15398863681058914,-0.14297887468766377,-0.048151232047999384,0.07655486743070845,-0.03512255329505489,-0.1462916966154091,-0.13791052021204564,-0.0949635994299859,-0.1452199286348278,-0.013675163839691109,-0.029620083765208294,-0.03536698820815813,-0.04220802503758277,-0.04591925187890114,-0.04987954500230592,-0.05167081567310868,-0.048560111713253286,0.13330354515719556,0.4063985784474252,0.6540967381931787,0.8085653881955415,0.7346707214957948,0.5782858450794398,0.3637256633477572,0.1298280393556443,-0.09842718021852888,-0.06456832665800895,-0.10065241396777995,-0.006636742042469222,0.06934093746535236,0.037535841716530134,-0.07999469002044991,-0.14676478386054903,-0.1510432236651293,-0.0755934236945528,0.04804605094775466,0.23039636804854574,0.3314583425054825,0.1487501877504326,0.0803258339340833,-0.024354753499795427,-0.1352783290840644
