element,0,1,2,3,4,5,6,7,8,9,10,11,12,13,14,15,16,17,18,19,20,21,22,23,24,25,26,27,28,29,30,31,32,33,34,35,36,37,38,39,40,41,42,43,44,45,46,47,48,49,50,51,52,53,54,55,56,57,58,59,60,61,62,63,64,65,66,67,68,69,70,71,72,73,74,75,76,77,78,79,80,81,82,83,84,85,86,87,88,89,90,91,92,93,94
H,-0.0,-5015.126143473863,-3589.189895742096,2109.1321544856482,13188.319164241973,25508.08074529977,13332.513481749867,5094.46251193419,-2756.4945503239255,-4892.081712363468,-3992.9056097327657,-1822.843923145953,2633.440536718422,8431.918365877591,6204.085228009933,4771.454882072889,-1282.566028987156,-3393.2905094314283,-3117.0966241203023,-276.08529006648223,-3379.234066288206,3965.6993946070997,4655.331277902013,10751.48912810511,13415.558614174064,11250.697210573893,8052.377882259245,3779.3399888855593,468.80842550004814,-2259.959983915084,-116.48432370044313,3202.2392846907555,5782.168113720915,4156.136075712516,39.49464458095752,-1771.3455748341771,-2238.090699640467,1929.8184050024015,8472.504107256735,5472.5333674035855,7443.65524925311,14214.520958760178,18368.540849883615,15313.432360325103,8382.20670716237,2394.700127249245,-781.5354960844354,-1883.536043692946,425.3009349178827,3950.005305648304,4894.833104944997,4581.775966005897,3756.5412865452145,1396.8437779734365,1952.9994941074037,6352.718001056175,4806.293169318831,6340.882228368649,7227.89768809466,8087.025324702938,7820.032437149364,3788.504725281993,2314.9013591845046,1389.4718557210208,-1400.7502998861828,-2135.509593811195,722.3130181080182,1780.321337327918,-258.16898433747457,-2207.9561101487743,5599.343552960709,10830.287511686494,13776.306408151817,20387.206851384573,25553.459564498546,23611.622723983357,16231.182258439849,7069.999684091354,1395.185291817706,-4228.71389082508,255.92790551902,3732.743857497967,6239.171231549653,7002.416886603828,7610.012481433447,2136.9812991172216,-1871.6245419723448,17909.861965354135,3373.363221916704,16492.38698519299,14385.616872356344,10556.30009009282,13870.315497945378,17581.032108913292,13504.387697889404
He,5015.126143473863,-0.0,1425.9084018639207,7124.257602544916,18203.402814254274,30523.180694553583,18347.620583752112,10109.563183446493,2258.606270134979,123.01904429855972,1022.1942575972685,3192.256785090472,7648.541235724598,13447.01902110311,11219.183079470102,9786.564610660242,3732.5347163198626,1621.8101928437002,1898.0013813195992,4736.710878786934,1635.8666602660085,8980.797253917517,9670.431938350577,15766.520740864446,18430.65922213362,16265.797901198779,13067.478624026282,8794.473127063136,5483.907318925739,2755.0918234009064,4898.534667350867,8217.340029614688,10797.266222973645,9171.236840080759,5054.364045913018,3243.755129597872,2777.0072836169966,6944.9164086975525,13487.60510709844,10487.631396991694,12458.755920083404,19229.621659668675,23383.64151066264,20328.533098007083,13397.30483706453,7409.800925732904,4233.56524315036,3131.5647604560622,5440.401695500898,8965.106035062965,9909.93827127259,9596.876660070575,8771.642019191118,6411.487759931586,6968.097288624782,11367.818773859179,9821.393956845694,11355.983011773465,12242.998474383807,13102.126112968897,12835.130367353058,8803.598599571102,7331.56860748218,6405.960706852888,3614.3509135379186,2879.6108860664763,5737.413505147181,6791.866783975323,4756.928593967803,2807.1418899647647,10614.46466234958,15845.392101601487,18791.404580460985,25402.304831369645,30568.5602290561,28626.72343290101,21246.28303526874,12085.098011789227,6410.283375478454,786.3843255285029,5270.7697754370065,8747.844574152672,11254.271925871399,12017.517589985453,12625.113216971842,7151.574239995825,3143.4728617507776,22924.962744097418,8388.474789883388,21507.509312653816,19400.737271323247,15571.39817891517,18885.413641734547,22596.130195418104,18519.48583773153
Li,3589.189895742096,-1425.9084018639207,-0.0,5698.339734307551,16777.507827350713,29097.27645417083,16921.726129965286,8683.664054461247,832.7000851814623,-1302.8855796326625,-403.7163195117234,1766.438601666607,6222.737110713138,12021.20455688844,9793.27510978714,8360.64757992453,2306.739353528562,196.01934126455774,472.0753564953716,3313.10985580466,210.0183334610601,7554.889360623928,8244.575033378533,14340.675525422907,17004.812632091056,14839.933143490402,11641.606259606126,7368.565027356192,4057.998247841215,1329.2298934374603,3472.7003255608533,6791.5295782687035,9371.361069921499,7745.484374818965,3627.139921178431,1816.650100999045,1351.0975539213193,5519.007015587688,12055.451816300832,9061.7232936696,11032.993518800859,17803.88035352783,21957.923472918028,18902.776834499426,11971.39332483492,5984.01000005639,2806.547121181143,1706.0212368375876,4014.728616682261,7539.492074073958,8484.025099396189,8169.910902593341,7342.763623325736,4983.189614847041,5542.188071184985,9936.26926569699,8391.047715854247,9927.282121048765,10815.045492078427,11676.390581077718,11409.218298359512,7377.690267450004,5905.656101375359,4980.048678968661,2188.4424891135427,1455.1807498902563,4309.879805423893,5366.078401378835,3331.0192352658605,1381.232605569708,9188.862887682413,14419.483922687044,17365.4932505131,23976.396839698813,29142.913706102747,27201.056152139136,19820.579115781158,10659.189760535,4981.991237529196,-639.5195866729048,3845.12342757889,7320.23456858003,9826.794878004466,10589.239398833108,11194.466966469872,5723.040163984382,1717.5638836685225,21496.687618078573,6962.566158186575,20087.431035868678,17982.932635947564,14141.549509401084,17456.45051257047,21170.221950514962,17093.578291772195
Be,-2109.1321544856482,-7124.257602544916,-5698.339734307551,-0.0,11079.168125643127,23398.919321234273,11223.386305241445,2985.3240924017473,-4865.6401983297455,-7001.2254940532575,-6102.055938670405,-3931.968712332763,524.3157408585662,6322.7941421349615,4094.9357060965795,2662.3070270512603,-3391.690142441891,-5502.414672337388,-5226.246135836631,-2387.5367538268706,-5488.32202811884,1856.549781945686,2546.2068653439133,8642.338896848933,11306.434594692026,9141.593492775819,5943.266596636162,1670.2260530427063,-1640.3529553607066,-4369.133020813602,-2225.640088454637,1093.1152863490495,3673.018307617968,2047.0107967554502,-2069.8608364166435,-3880.469995775622,-4347.240196583075,-179.35350353278437,6363.382887047302,3363.3835922543713,5334.530775153984,12105.395992915915,16259.416611954455,13204.30846562619,6273.057295060565,284.2962129594015,-2890.5562493640223,-3992.662547520731,-1683.823150147599,1840.881154724444,2785.437805469653,2472.651293167919,1647.4170806903333,-712.306260239785,-156.16936726754273,4243.593780428708,2697.169130110156,4231.75821451152,5118.976119495632,5978.050662769956,5710.88254468815,1679.2794219345537,207.31746333224007,-718.3388253838207,-3509.9387425681516,-4244.640830052721,-1388.6362203216172,-332.38474171688796,-2367.3187148892066,-4317.105689005213,3490.222789352068,8721.143793468447,11667.156249751482,18278.05710048143,23444.334907602686,21502.498742051474,14122.239399502867,4960.850153873002,-713.9695930281543,-6337.864259898909,-1853.4551088045575,1623.6196113220085,4130.0466741294895,4893.292489311373,5500.8882833924135,27.83328531567531,-3980.8669600122835,15800.740299889843,1264.219063872836,14383.266091454687,12276.486352757336,8447.150205305334,11761.16562608495,15471.877081698256,11395.237819502965
B,-13188.319164241973,-18203.402814254274,-16777.507827350713,-11079.168125643127,-0.0,12319.770059304547,144.21818783621237,-8093.843934072246,-15944.808274839303,-18080.3934188778,-17181.222169676203,-15011.144570119835,-10554.860012625653,-4756.3820861677905,-6984.232563012091,-8416.861129902278,-14470.86675769944,-16581.59125357917,-16305.414633053262,-13466.68469103411,-16567.49014415834,-9222.618737856126,-8532.929549919098,-2436.830218205294,227.25829182926884,-1937.6032312852362,-5135.9001628080305,-9408.960849601344,-12719.50970082643,-15448.309915657732,-13304.808127883105,-9986.061383379663,-7406.149884105848,-9032.164483833285,-13149.037379331217,-14959.646369690807,-15426.408759520918,-11258.499594300094,-4715.794921790837,-7715.784681354187,-5744.64524258466,1026.2204909448747,5180.240431997862,2125.1318092466677,-4806.111334535303,-10793.497885253546,-13969.724476927026,-15071.83813973759,-12762.99978009285,-9238.295318618273,-8293.737067743108,-8606.524594139084,-9431.759356526674,-11791.91358729731,-11235.318683936432,-6835.582811529028,-8382.007588655446,-6847.418507762462,-5960.4030473597595,-5101.11723635467,-5368.285764018679,-9399.89753640519,-10871.91506556713,-11797.515801134576,-14589.115752186588,-15322.344454374583,-12467.784518061499,-11411.532778549863,-13446.522190865244,-15396.295831057147,-7588.925937849859,-2358.029465757852,587.9866515824804,7198.888809785074,12365.159140359403,10423.322243031998,3042.8815992143805,-6118.318035248708,-11793.13310257892,-17417.03239222713,-12932.631650627407,-9455.556748374216,-6949.129329905772,-6185.883692920248,-5578.288161876102,-11051.827100677405,-15059.94462603298,4721.5627955930895,-9814.951653186457,3309.9092102973896,1205.1907493249382,-2636.0728399249215,681.9988402608711,4392.71394235102,316.0704655033559
C,-25508.08074529977,-30523.180694553583,-29097.27645417083,-23398.919321234273,-12319.770059304547,-0.0,-12175.550027829175,-20413.619866202105,-28264.57849599808,-30400.165030200315,-29500.990869920715,-27330.8397557391,-22874.541077497102,-17076.163073882908,-19304.001654366577,-20736.629847869568,-26790.648203596626,-28901.372662133657,-28625.193499032666,-25786.45549880511,-28887.25882440064,-21542.38697005005,-20852.74968449594,-14756.659541393357,-12092.52258152743,-14257.384749407358,-17455.70434610736,-21728.710803513794,-25039.277201537003,-27768.047848349874,-25624.57811578798,-22305.74870463221,-19725.918264255542,-21351.94459826466,-25468.818829248314,-27279.427630016085,-27746.206228005216,-23578.261487652264,-17035.578091619052,-20035.5542407118,-18064.426107385774,-11293.559871874086,-7139.540647238462,-10194.649754320642,-17125.879712807597,-23113.266225292515,-26289.49281149761,-27391.618421184023,-25082.781317240515,-21558.076719959005,-20613.516936637614,-20926.30543223708,-21751.5407450684,-24111.694916948625,-23555.06858515726,-19155.36433373359,-20701.78924281768,-19167.200157636995,-18280.1847157237,-17421.05709092401,-17688.05412207631,-21719.581262736574,-23191.69688715138,-24117.297608736375,-26908.897576600124,-27643.558655779038,-24787.55464788618,-23731.3024803534,-25766.296731192393,-27716.06851355642,-19904.706877736608,-14677.790149763166,-11731.780435774976,-5120.879585533534,45.64805802082064,-1896.459197291566,-9276.900077663628,-18438.086616948836,-24112.90137783109,-29736.800999946536,-25252.4131070096,-21777.561939005824,-19268.910297989343,-18505.66484183739,-17898.069569427218,-23371.608416206043,-27379.71277388933,-7598.219961575311,-22134.71689339136,-9009.85222001372,-11122.431623934137,-14951.78639302138,-11637.763369927567,-7927.235329514595,-12003.693430317631
N,-13332.513481749867,-18347.620583752112,-16921.726129965286,-11223.386305241445,-144.21818783621237,12175.550027829175,-0.0,-8238.062160752113,-16089.02664900241,-18224.61173318362,-17325.440926495266,-15155.356307092934,-10699.071742204469,-4900.593609768929,-7128.450695671157,-8561.07929443344,-14614.996019417342,-16725.802734831133,-16449.632546839282,-13610.904056673218,-16711.7464734588,-9366.836923550705,-8677.147934579454,-2581.0476375123403,83.08928227478019,-2081.7916531159085,-5280.13415146536,-9553.172321372,-12863.727883972831,-15592.521409178802,-13449.02629070383,-10130.272815549815,-7550.368009726431,-9176.37637575257,-13293.248831176545,-15103.857910161032,-15570.6558708804,-11402.717552613323,-4860.005549562095,-7860.002805262446,-5888.856832606414,882.008723108571,5036.028930285146,1980.9204240581876,-4950.3294956347945,-10937.716047355387,-14113.942639028875,-15216.0503055833,-12907.211211956157,-9382.506772850635,-8437.949109724608,-8750.73623096914,-9575.970820414828,-11936.125073237661,-11379.536658703597,-6979.794268184173,-8526.21899204763,-6991.629908462484,-6104.410231721581,-5245.335398450175,-5512.503925118169,-9544.108941491873,-11016.12648087974,-11941.727222948712,-14733.327190994758,-15466.562624398684,-12612.004449608801,-11555.753086612596,-13590.740352254428,-15540.513935888457,-7733.143784624873,-2502.2472940793796,443.7687134727863,7054.670649297077,12220.94749883152,10279.110836738799,2898.670222855718,-6262.536197344209,-11937.351263678403,-17561.25031826843,-13076.843100322427,-9599.768232651752,-7093.340921594551,-6330.095224978392,-5722.499619931051,-11196.038590393442,-15204.162772293841,4577.352075812168,-9959.169777405225,3165.6910257531763,1060.9725395211153,-2780.2929404352585,537.7806492169475,4248.495782731374,171.85227445943212
O,-5094.46251193419,-10109.563183446493,-8683.664054461247,-2985.3240924017473,8093.843934072246,20413.619866202105,8238.062160752113,-0.0,-7850.964176358669,-9986.549439150323,-9087.379356079406,-6917.305607712659,-2461.0210568712764,3337.4561805963253,1109.6105259332812,-323.01701934201134,-6377.028585578917,-8487.753055879713,-8211.57195381534,-5372.783827441102,-8473.696716965282,-1128.7744883575044,-439.08666822107773,5657.011805045458,8321.151114065822,6156.234719059291,2957.9153288372872,-1315.0976033505485,-4625.664959233689,-7354.434093213071,-5211.028703138918,-1892.2232730491385,687.618435300944,-938.1835940075954,-5055.199243061947,-6865.80807086835,-7332.566127846506,-3164.6567185492213,3378.0422932666006,378.0581536769654,2349.193153409822,9120.225707344443,13274.078584246743,10218.96981932046,3287.619651923232,-2699.6539920808427,-5875.880751029072,-6977.998547585023,-4669.161656675111,-1144.457199122547,-199.64082558160698,-512.3543556466448,-1337.402582748029,-3698.075414786478,-3141.4757910431094,1258.2553689643596,-288.16947781503774,1246.419592885535,2133.435050134462,2992.562686660235,2725.5582916964077,-1307.641944993079,-2778.0768339522942,-3703.6120266465814,-6495.277465360623,-7229.887650033355,-4373.88411217102,-3317.6315387522045,-5352.6782500463805,-7302.453163352009,508.90699055906845,5735.817535733638,8681.83230562175,15292.732889710402,20458.997607381494,18517.16024479848,11136.719648802178,1973.2449909320078,-3699.2889403119934,-9323.187844868527,-4838.79351782225,-1361.7185908838026,1145.1402787852874,1908.4995563135087,2515.5499649795643,-2957.988924573525,-6966.100739490082,12815.399694984946,-1721.1104134612651,11398.022256556791,9291.239133788291,5461.8264773149185,8775.849316803842,12486.557811756105,8409.913632343729
F,2756.4945503239255,-2258.606270134979,-832.7000851814623,4865.6401983297455,15944.808274839303,28264.57849599808,16089.02664900241,7850.964176358669,-0.0,-2135.5865946785693,-1236.415997092912,933.7347480539172,5390.033371790988,11188.413657630763,8960.574107108621,7527.946618280042,1473.9286311258404,-636.7958118427996,-360.62532597630627,2478.2228451731776,-622.7394532175826,6722.189674260091,7411.875795152794,13507.97657585417,16172.115882862943,14007.191622060507,10808.872270817335,6535.834453857106,3225.2655738135027,496.4856315018314,2639.928488051699,5958.733875178087,8538.656004839911,6912.780616528638,2795.7579668530498,985.388524204328,518.3947591054819,4686.306413046729,11228.998548172001,8229.022965875245,10200.15069962474,16971.188737344986,21125.03583183768,18069.92689015127,11138.576817785406,5151.194668954897,1974.9590646169288,872.9601060874447,3181.795545112046,6706.499996357654,7651.322442095254,7338.271389425053,6513.035999612819,4152.881836628647,4709.487314006483,9109.212650989371,7562.787736403137,9097.376788645633,9984.392235723632,10843.519860220704,10576.522055621079,6544.990582277101,5072.956398015554,4147.352094305475,1354.4321562156044,622.479119308605,3477.122617195567,4533.376013802457,2498.318599768434,548.5121036755781,8355.977650172048,13586.776729846417,16532.796338295713,23143.51727797296,28309.955183371007,26368.117320373447,18987.67678004841,9826.301535833374,4151.675056824983,-1472.2241204984232,3012.1636918041086,6489.238640947601,8995.666423797635,9758.911830408606,10366.50718045035,4892.968330349378,884.8639102652529,20666.355709643525,6129.873294651045,19249.02992485233,17142.246328015855,13312.789874053224,16626.805624440552,20337.521883871388,16260.877820622785
Ne,4892.081712363468,-123.01904429855972,1302.8855796326625,7001.2254940532575,18080.3934188778,30400.165030200315,18224.61173318362,9986.549439150323,2135.5865946785693,-0.0,899.1698821524108,3069.239134685032,7525.621868153493,13324.000697270316,11096.160103588842,9663.53223885604,3609.5158443037567,1498.7913855636455,1774.9775276660976,4613.763318238398,1512.8477234913294,8857.774901011448,9547.414833365145,15643.56131580186,18307.70094704396,16142.779066620766,12944.459675956807,8671.421741720256,5360.88374106687,2631.6183012794845,4775.515711871905,8094.321131376936,10674.166272568296,9048.369700496114,4931.345180494876,3120.7364170249602,2653.9834851766664,6821.892863644977,13364.586127729357,10364.609007475703,12335.737697026882,19106.775065973467,23260.623044350978,20205.514192672446,13274.164031885299,7286.781857342143,4110.546243117873,3008.546401210597,5317.382754810224,8842.087224721372,9786.90746967504,9473.858410695602,8648.623209939637,6288.469029962224,6845.073844057408,11244.79979994653,9698.37491898452,11232.963987759891,12119.979441024469,12979.107071893157,12712.107673764096,8680.580008816445,7208.545515651182,6282.937520509724,3491.2669569655363,2756.6607150154473,5612.663810783052,6668.916686875929,4633.90504388333,2684.1179706489647,10491.518807434613,15722.369024117543,18668.381362716314,25279.282311842257,30445.54218536091,28503.70466270122,21123.264023317744,11961.88871537823,6284.8077651617705,663.3622512648815,5147.750904528258,8624.825851691436,11131.253526710298,11894.499004582563,12502.094391502025,7028.555522230608,3020.4497331252087,22801.943591141742,8265.506094114291,21384.567835284477,19277.78690466335,15444.376201998344,18762.39869388251,22472.92885198468,18396.469094795262
Na,3992.9056097327657,-1022.1942575972685,403.7163195117234,6102.055938670405,17181.222169676203,29500.990869920715,17325.440926495266,9087.379356079406,1236.415997092912,-899.1698821524108,-0.0,2170.1488341935456,6626.447128813064,12424.921146968372,10196.990145510968,8764.363515842608,2710.4462740157846,599.7251495385273,875.8101390979538,3716.862246562817,613.7330766930348,7958.605395241894,8648.291876245195,14744.391473915704,17408.529048851535,15243.650732891496,12045.326316730838,7772.27579691564,4461.717168041642,1732.944440345659,3876.4144127030204,7195.2454785350865,9775.0746627131,8149.193581112133,4032.4051903563964,2221.808636677121,1754.8166614235322,5919.797417624431,12460.086943958839,9465.439077077655,11436.710891804629,18207.597338970772,22361.638813127225,19306.507510632848,12375.131254687885,6387.744670162285,3211.5183859904937,2109.7383423725096,4418.444743452758,7943.207329298012,8887.734566023099,8575.025357016168,7749.9873986595685,5389.756340962894,5945.90386595984,10340.904904010637,8795.743404461713,10334.141477781955,11221.061576752369,12080.13013382396,11812.959805308752,7781.435498494722,6309.398890191716,5383.789249020124,2592.157177852508,1858.8845485053268,4715.03250337847,5773.226105781615,3734.736002381967,1784.9291389124903,9596.347292818533,14823.198188632108,17769.21316289881,24380.11221415594,29546.637262889024,27604.790051303098,20224.32072977102,11062.935772447712,5388.1233931041525,-235.81337217216955,4248.8390982631945,7726.006844770315,10232.521384811162,10995.884603057195,11599.12524691265,6129.894411295852,2121.2796019927364,21892.009977988524,7366.331064336214,20486.783175336852,18379.54834878115,14549.205630951019,17863.221189463016,21573.933426115986,17497.294750298013
Mg,1822.843923145953,-3192.256785090472,-1766.438601666607,3931.968712332763,15011.144570119835,27330.8397557391,15155.356307092934,6917.305607712659,-933.7347480539172,-3069.239134685032,-2170.1488341935456,-0.0,4456.298957247319,10254.772315676857,8026.842628921556,6594.217398739085,540.2792887862987,-1570.445348288402,-1294.34226113313,1546.6775564729537,-1556.4145941174029,5788.457374625932,6478.175350454972,12574.26266408596,15238.402435205384,13073.502136467088,9875.175351875145,5602.1343092500465,2291.5664990646264,-437.2032758031578,1706.2795852933793,5025.096123936462,7604.926831175077,5979.045900673971,1862.1083345419295,51.65256405447582,-415.36122849943405,3752.573005636216,10295.358183444332,7295.291153615381,9266.499422862837,16037.452069317285,20191.385339386925,17136.340947905283,10204.962769876036,4217.5758528528195,1041.3100299698442,-60.69563461917405,2248.274217782373,5772.850226979167,6717.587760313469,6404.619990152375,5579.38605360945,3219.2317121398546,3775.753778641152,8175.562846159539,6629.5272690801485,8163.953161696314,9050.87826490911,9909.954470060371,9642.787748970537,5611.249236826125,4139.225245889692,3213.6309571229244,422.00700653714614,-311.27172255188765,2543.606383982688,3599.857162220884,1564.5852261519922,-385.2020816627627,7422.493093468353,12653.054369300093,15599.062789024316,22210.036567157436,27376.48854670836,25434.467924540415,18054.143411257864,8892.75246828915,3217.9427203106834,-2405.95595623956,2078.5140456398185,5555.588527604875,8062.015367655284,8825.26124377985,9432.857252217176,3959.3181573704287,-48.868423905137504,19732.712415395257,5196.1317356231075,18320.998819205874,16208.728589942855,12379.04868566387,15693.07531813383,19403.781960546294,15327.147831437414
Al,-2633.440536718422,-7648.541235724598,-6222.737110713138,-524.3157408585662,10554.860012625653,22874.541077497102,10699.071742204469,2461.0210568712764,-5390.033371790988,-7525.621868153493,-6626.447128813064,-4456.298957247319,-0.0,5798.473811424443,3570.5436597998532,2137.9325453124616,-3916.0054273990895,-6026.730085566613,-5750.640529884533,-2909.620670160505,-6012.71393316269,1332.1580615967237,2021.8907586514433,8118.220378991288,10782.117526105265,8617.2041749776,5418.9090220239,1145.835868710238,-2164.73118560549,-4893.698802171519,-2750.031689679803,568.8003630302804,3148.628433507186,1522.747361246995,-2594.0604637892757,-4404.785757566837,-4871.656736216104,-703.7218293498898,5839.07524522637,2838.993749392857,4810.215141948426,11581.153217214505,15735.101127552203,12680.04271777987,5748.664483092445,-238.7227011669044,-3414.9746059202416,-4516.98149819068,-2208.024008851087,1316.5658144799208,2261.2890818071633,1948.3355491502264,1123.5281910547976,-1237.0527344741333,-680.5447564841361,3719.2783258713193,2173.229042446685,3707.655380160385,4594.585025389574,5453.656269552822,5186.489461567711,1154.9605760229265,-317.07354421646716,-1242.6807703289246,-4034.254103881573,-4767.56676662048,-1912.6582904852478,-856.4083477867837,-2891.713071436496,-4841.516516653571,2966.2349983557215,8196.756309406966,11142.764658343001,17753.66690799289,22920.01910710949,20978.18364907797,13597.845124474272,4436.368161337373,-1238.4607795780205,-6862.254087495433,-2377.7704115720003,1099.3041153871698,3605.730939271227,4368.976825242794,4976.572828012518,-496.96628721144964,-4505.165454824827,15276.429184856932,739.8335636019764,13864.701092026116,11752.463342040686,7922.759838544132,11236.775802095292,14947.488220471785,10870.849544653822
Si,-8431.918365877591,-13447.01902110311,-12021.20455688844,-6322.7941421349615,4756.3820861677905,17076.163073882908,4900.593609768929,-3337.4561805963253,-11188.413657630763,-13324.000697270316,-12424.921146968372,-10254.772315676857,-5798.473811424443,-0.0,-2227.930887518337,-3660.557183510049,-9714.484815192624,-11825.209422396292,-11549.115910811943,-8708.0950522445,-11811.187654979529,-4466.314287104071,-3776.587278110453,2319.471411012224,4983.640424326709,2818.728245918051,-379.5967418015712,-4652.63803482378,-7963.164891707612,-10691.974575440678,-8548.505363988474,-5229.679114484632,-2649.8463462920336,-4275.762805008501,-8392.655136022608,-10203.26450404236,-10670.131267382872,-6502.200719212886,40.53626933806444,-2959.4802484290794,-988.2629981217609,5782.674880687544,9936.622495252666,6881.570370426037,-49.80979879732403,-6037.218192493171,-9213.453955695626,-10315.45885083532,-8006.498294933661,-4481.913081508066,-3537.190846075996,-3850.142349177195,-4675.377162781596,-7035.531459719201,-6479.019976055978,-2079.200615525895,-3625.2450705798424,-2090.8187328661465,-1203.8887890045783,-344.8166313176507,-611.9845878991325,-4643.514986425068,-6115.532677791455,-7041.1335600003185,-9832.733760894422,-10566.044300957043,-7709.918700766474,-6654.799502290644,-8690.218756853023,-10639.99036051017,-2828.6321967545477,2398.2785943630515,5344.291470613313,11955.192753418809,17121.54152395213,15179.704652987572,7799.370637747071,-1363.9202601684567,-7036.9400419181975,-12660.732774320026,-8176.24939722317,-4699.174608413393,-2192.40335943558,-1429.0444708628806,-821.1903822129415,-6295.444980512295,-10303.28247393009,9477.949079868384,-5058.646060034666,8066.223995230706,5954.072120005501,2120.662921971002,5438.187596426694,9149.01326058326,5072.330697951019
P,-6204.085228009933,-11219.183079470102,-9793.27510978714,-4094.9357060965795,6984.232563012091,19304.001654366577,7128.450695671157,-1109.6105259332812,-8960.574107108621,-11096.160103588842,-10196.990145510968,-8026.842628921556,-3570.5436597998532,2227.930887518337,-0.0,-1432.6258811689027,-7486.543757671312,-9597.265361334421,-9321.185247044354,-6480.132337678295,-9583.25395643797,-2238.384399977994,-1548.6988142747664,4547.40200557743,7211.538362324901,5046.660259084087,1848.333588437584,-2424.70682180531,-5735.274016646483,-8464.041721368088,-6320.571515442839,-3001.7442429075822,-421.9165179697902,-2047.7972664214783,-6164.588322552952,-7975.184662149617,-8442.178786088873,-4277.689587833772,2263.2770890869106,-731.552229139864,1239.723623988529,8010.608873180199,12164.64541335898,9109.5134307183,2178.1366473772346,-3809.2504011652827,-6985.491430958363,-8087.255799071491,-5778.548870235799,-2253.7857146146584,-1309.2579547376358,-1621.9646935899732,-2449.2399886178832,-4807.2685280932665,-4251.089099560013,149.37940768108842,-1401.0463471824648,137.1061923278653,1024.0683974207188,1883.125701062071,1615.9439667543863,-2415.580325554609,-3887.59672651311,-4813.207000742331,-7604.815631649522,-8338.092785904057,-5481.963687809242,-4426.01745370023,-6462.257749674777,-8412.0444917636,-600.7038873348514,4626.207238970185,7572.223801200059,14183.121892262403,19349.646712300928,17407.796902256516,10027.326993930974,865.9113926788339,-4808.870413155842,-10432.79822387004,-5948.154229977155,-2470.9858089519557,35.51303275515638,798.8598327142364,1406.6871980301994,-4068.934350433296,-8075.710901428401,11695.16572891157,-2830.7143872410134,10290.122001908036,8182.718498452904,4349.511949260363,7664.456100208967,11376.971187030567,7300.335248581923
S,-4771.454882072889,-9786.564610660242,-8360.64757992453,-2662.3070270512603,8416.861129902278,20736.629847869568,8561.07929443344,323.01701934201134,-7527.946618280042,-9663.53223885604,-8764.363515842608,-6594.217398739085,-2137.9325453124616,3660.557183510049,1432.6258811689027,-0.0,-6053.93794598315,-8164.662593272854,-7888.551484193322,-5049.845085163703,-8150.60655207945,-805.7574600834859,-116.0715051789014,5980.028316972306,8644.166490039403,6479.287727111317,3280.9610154426477,-992.0802179118299,-4302.648807871215,-7031.41842980839,-4887.93794489166,-1569.1322263987984,1010.665898606519,-615.2388207722621,-4731.976665283546,-6544.159092180695,-7009.573675080096,-2841.636255728898,3701.142025441899,701.074218682663,2672.282654108561,9443.147008202803,13597.168864563053,10542.12765722328,3610.7110698085,-2376.671368929052,-5552.907159897418,-6654.916569354035,-4345.940210345368,-821.3667500317391,123.3756838189936,-189.33741570700624,-1014.3851671758225,-3374.985488975306,-2818.4555455213117,1581.345668402474,35.373588570539525,1566.4954217567633,2456.669122527678,3315.7436913634833,3048.5241453677254,-982.9594402210157,-2454.9856938171242,-3380.586494846777,-6172.18657319065,-6906.956235871323,-4050.948932918419,-2994.7006037082083,-5029.624027290731,-6979.432960728138,831.9247148037725,6058.839788252971,9004.847476036815,15615.756641398802,20781.001319005853,18840.251314791116,11459.92742756661,2298.4356270830312,-3376.39331542595,-9000.170770755867,-4515.545154125174,-1038.628574617626,1468.1572553557558,2231.0437894367283,2838.640124592803,-2634.899078342059,-6643.08280264895,13138.49842215876,-1398.083782798747,11720.966363162412,9614.171371182856,5780.761287032565,9098.734376202037,12809.570961541565,8732.93228456317
Cl,1282.566028987156,-3732.5347163198626,-2306.739353528562,3391.690142441891,14470.86675769944,26790.648203596626,14614.996019417342,6377.028585578917,-1473.9286311258404,-3609.5158443037567,-2710.4462740157846,-540.2792887862987,3916.0054273990895,9714.484815192624,7486.543757671312,6053.93794598315,-0.0,-2110.7191409833263,-1834.6469848592367,1004.9288939080825,-2096.6681282206578,5248.159882747603,5937.846131680989,12033.983653932717,14698.125272741167,12533.263484184663,9334.943841379272,5062.374172213779,1751.336831622068,-977.4434374957832,1165.999680683055,4484.805003640334,7064.603376208326,5438.746079075027,1321.82933641027,-489.5440789853678,-955.639643643592,3212.268387988135,9755.079496428196,6754.992255804024,8726.262694611014,15497.149537528094,19651.183634381818,16595.998364446677,9664.66511423683,3677.279247021156,501.05225504988994,-600.968196511314,1707.8669832756946,5232.5713662132075,6177.28420956989,5864.579572956886,5039.107368008446,2678.9532373376533,3235.449216703228,7635.283940001789,6088.859292191171,7623.448385557183,8510.581862399762,9369.658411726292,9102.491143138874,5070.969972860886,3598.9524094169806,2673.321791165854,-118.28934521851865,-852.204083012502,2003.7997535065388,3060.0548431936213,1024.280504519708,-925.5065297942449,6882.7165908672705,12112.756969581107,15058.764085500276,21669.66906237987,26836.182586561456,24894.188549961505,17513.846805426198,8352.456054218605,2675.9490873440513,-2946.259987103914,1538.2350627477642,5015.310091167554,7521.739037594045,8284.983530478172,8892.578544734186,3416.56717676534,-589.1615992427653,19192.43056032384,4655.834374704145,17780.70165885301,15668.925933278122,11838.760405371022,15152.778712302166,18863.48661966168,14786.851225605744
Ar,3393.2905094314283,-1621.8101928437002,-196.01934126455774,5502.414672337388,16581.59125357917,28901.372662133657,16725.802734831133,8487.753055879713,636.7958118427996,-1498.7913855636455,-599.7251495385273,1570.445348288402,6026.730085566613,11825.209422396292,9597.265361334421,8164.662593272854,2110.7191409833263,-0.0,276.0748715887777,3115.6485730561076,14.056224329295622,7358.8811846197505,8049.203783250812,14144.708241669945,16808.849816196154,14643.987949324684,11446.18878588357,7172.630130751668,3862.0612248815687,1133.280814240344,3276.723959226949,6595.524832372975,9175.328096008998,7549.468136515821,3432.553813132061,1621.945165379051,1155.081556097815,5322.990210716453,11865.80451221503,8865.713625239177,10836.98477765652,17607.87166759808,21761.905595781995,18706.722930169046,11775.388146937537,5787.99123255857,2611.7553865361183,1509.7557907002954,3818.5915126811933,7343.295808074722,8288.005882794787,7975.301173697985,7149.831813815484,4789.677655636148,5346.17104453074,9746.008448807708,8199.583846169024,9734.172949800097,10621.307154224189,11480.3792652051,11213.214141316814,7181.694682924575,5709.677147175008,4783.505944026687,1991.8373507121275,1259.155050702486,4114.519507116955,5170.774404350006,3135.002358049397,1185.2175457650633,8993.43677331439,14223.47859070208,17169.489119356054,23780.389610769613,28946.90358736406,27004.912988079617,19624.56751709955,10463.177329300323,4786.668714680278,-835.538438230204,3648.959542420246,7126.034478033821,9632.463230763795,10395.707859699609,11003.302999989453,5529.764159082935,1521.5588123885664,21303.155392622994,6766.598220527006,19891.4207315004,17779.64550921178,13949.481969551538,17263.49818524109,20974.210797731805,16897.54007133455
K,3117.0966241203023,-1898.0013813195992,-472.0753564953716,5226.246135836631,16305.414633053262,28625.193499032666,16449.632546839282,8211.57195381534,360.62532597630627,-1774.9775276660976,-875.8101390979538,1294.34226113313,5750.640529884533,11549.115910811943,9321.185247044354,7888.551484193322,1834.6469848592367,-276.0748715887777,-0.0,2841.0313830282744,-262.0581112550216,7082.795417700981,7772.484592324283,13868.583322078264,16532.722208477586,14367.84483934185,11169.518739761656,6896.47824583477,3585.9113973147046,857.1489758460807,3000.6152187793473,6319.446349593792,8899.281438435606,7274.3062718982,3156.597998937034,1346.0011102475826,878.996676402187,5046.915312406554,11583.975384041263,8589.636969554931,10560.915458288837,17332.595993323135,21485.837034580454,18430.69950440283,11499.321550025947,5511.934806634058,2335.708787424388,1233.9305979059334,3542.636572050443,7067.400706197047,8011.937454028489,7699.217796078374,6871.99546788061,4513.94957270663,5070.096185305955,9464.740795235512,7919.796700875428,9458.333556723372,10345.253230245278,11204.321555025,10937.144445672722,6905.616864054984,5433.582340157807,4507.974570755537,1716.364187166507,983.0894779895783,3839.2130602966245,4897.418119788493,2858.9275075140504,909.1371836397448,8720.501126685396,13947.409830708488,16893.34693960592,23504.320212445695,28670.835807221494,26728.984333638375,19348.512393565503,10187.127325353209,4512.314851279976,-1111.6129795897032,3373.031380648263,6850.2011349112445,9356.717172267363,10118.840208062744,10722.975318185407,5252.500460157768,1245.4895772086725,21015.59816118532,6490.4819680033615,19615.341127265216,17503.44107615978,13670.628226946437,16987.431099195626,20698.156303873257,16621.50486207453
Ca,276.08529006648223,-4736.710878786934,-3313.10985580466,2387.5367538268706,13466.68469103411,25786.45549880511,13610.904056673218,5372.783827441102,-2478.2228451731776,-4613.763318238398,-3716.862246562817,-1546.6775564729537,2909.620670160505,8708.0950522445,6480.132337678295,5049.845085163703,-1004.9288939080825,-3115.6485730561076,-2841.0313830282744,-0.0,-3103.0921375106313,4241.749748305328,4933.571914558393,11029.723698179334,13693.735883608419,11526.829855147922,8328.497954355866,4055.4567661510164,744.8943437321665,-1983.8799314406065,159.5938827861766,3479.8901655299087,6060.382240394482,4432.365952286429,316.15800277177146,-1495.0344644729462,-1962.0347375444821,2205.8631140773214,8748.639089328677,5748.587491854168,7719.882805879915,14490.76962417412,18646.164674786778,15590.689791316616,8659.142892598495,2670.9028177755863,-505.3235343513841,-1606.7572573251941,701.5958172845106,4226.360565991975,5170.904670128726,4858.186350441195,4033.1316783264037,1672.897486966871,2229.0447724807527,6629.509098176285,5082.878242948565,6617.282567500418,7504.206194454683,8363.281242976314,8096.744671141824,4065.103903769637,2592.5525099896827,1666.9451300770368,-1124.680036485512,-1857.1684466960976,998.8142689155666,2056.3666678828704,17.877584371074857,-1931.8946979346624,5877.267633311917,11106.378034569685,14052.39091247188,20665.239598113683,25831.000888531278,23887.94929707318,16507.470047548235,7346.081071456491,1671.2654870475187,-3950.363692437465,531.9905990027905,4009.1583503349875,6515.675318822299,7279.026503323091,7886.892255269792,2413.032754816225,-1595.5409809283628,18186.84268089783,3649.455445461822,16774.31149566323,14669.5684311982,10832.398599164952,14146.403120690198,17857.112782751443,13780.473318518356
Sc,3379.234066288206,-1635.8666602660085,-210.0183334610601,5488.32202811884,16567.49014415834,28887.25882440064,16711.7464734588,8473.696716965282,622.7394532175826,-1512.8477234913294,-613.7330766930348,1556.4145941174029,6012.71393316269,11811.187654979529,9583.25395643797,8150.60655207945,2096.6681282206578,-14.056224329295622,262.0581112550216,3103.0921375106313,-0.0,7344.872221492067,8034.5653984523515,14130.652431427987,16794.79428517575,14629.932044961739,11431.612205591993,7158.573971676595,3848.0050137050143,1119.212241435475,3262.6678815690907,6581.245968460573,9161.341967649381,7535.458838664187,3418.4974297290187,1607.889013247447,1141.0737134427184,5308.983213380587,11851.742773470278,8851.707006700428,10822.908452566704,17593.861965272008,21747.902034040646,18692.666236717334,11761.375308124916,5773.990381256212,2597.765634029131,1495.7010227516184,3804.5350010298384,7329.2394732768025,8273.995997619304,7961.012852841852,7135.7754856800275,4773.188936275002,5332.164087605589,9731.95207516731,8185.527247037516,9720.116306003029,10607.131779049803,11466.372816200943,11199.202335604537,7167.674963863685,5695.640808477842,4770.019528949612,1978.4196159255137,1244.2649579756228,4100.267625807216,5156.522042929754,3120.995413316666,1171.2082517897984,8979.156839938074,14209.469475336238,17155.473289819518,23766.37980931824,28932.901692774045,26989.76277650048,19610.416330357228,10449.167664775923,4774.357407124768,-849.5451080288906,3634.9031516655464,7111.9782237347345,9618.406864969498,10381.651635895912,10989.246653145396,5515.707885511198,1507.5486105390105,21289.096389332124,6752.5477591521885,19877.413902718345,17765.39257670872,13935.472649236339,17249.489220827538,20960.20109388937,16883.5581868011
Ti,-3965.6993946070997,-8980.797253917517,-7554.889360623928,-1856.549781945686,9222.618737856126,21542.38697005005,9366.836923550705,1128.7744883575044,-6722.189674260091,-8857.774901011448,-7958.605395241894,-5788.457374625932,-1332.1580615967237,4466.314287104071,2238.384399977994,805.7574600834859,-5248.159882747603,-7358.8811846197505,-7082.795417700981,-4241.749748305328,-7344.872221492067,-0.0,689.6871020141396,6785.786566489941,9449.923119943289,7285.044720208944,4086.718280189518,-186.3231795563317,-3496.8762543662224,-6225.660772305857,-4082.1903950299184,-763.3668568285284,1816.469438502017,190.56250148362238,-3926.1998984391075,-5736.795287853165,-6203.795067913872,-2039.8501229247615,4501.370977112306,1506.833793095095,3478.102701604484,10248.990039446926,14403.024121554248,11347.884918949358,4416.504163767148,-1570.8630775154609,-4747.089233185464,-5848.870435836357,-3540.1620020497567,-15.41863459283713,929.1258760474542,616.4287952840161,-208.61166064870943,-2568.849387360849,-2012.7052091112664,2382.173972641216,841.1281328445281,2375.5006239392123,3262.4285868669785,4121.500895462752,3854.329186727097,-177.19834077990438,-1649.2328851268687,-2574.840877807557,-5366.450074715854,-6099.729648176085,-3243.5804951590294,-2185.383858738317,-4223.873807768213,-6173.657591528539,1637.681203101263,6864.635572587033,9810.602750982329,16421.50701922215,21588.023002409547,19646.166499221585,12265.68517031709,3104.3265971735036,-2570.512001225878,-8194.413664430229,-3709.7666531106247,-232.59295762217167,2273.9212890948106,3037.2806530148273,3645.142440840232,-1828.7039427698144,-5837.326702405675,13933.138033483821,-592.3292750302833,12532.627160113358,10427.8173225031,6590.64873129869,9904.61636520807,13615.327809106577,9538.689117719798
