element,0,1,2,3,4,5,6,7,8,9,10,11,12,13,14,15,16,17,18,19,20,21,22,23,24,25,26,27,28,29,30,31,32,33,34,35,36,37,38,39,40,41,42,43,44,45,46,47,48,49,50,51,52,53,54,55,56,57,58,59,60,61,62,63,64,65,66,67,68,69,70,71,72,73,74,75,76,77,78,79,80,81,82,83,84,85,86,87,88,89,90,91,92,93,94
H,0.0,-8.520413230217013,-8.18596037583328,7.654505856966435,9.48716262680839,10.14678977541405,9.498035955467929,8.536105719148994,-7.922077774815252,-8.495577590999154,-8.292524880680164,-7.508701598522404,7.876426118401414,9.039898179209702,8.733124432920677,8.470616101825073,-7.157397443465695,-8.129850037131549,-8.044978038271726,-5.6243253651710905,-8.125700236460494,8.28568964113876,8.44598313763233,9.282892553553461,9.504244940544236,9.328274259415988,8.99384689510283,8.23756922871852,6.152325006291429,-7.7235447737202385,-4.7663049093682215,8.071917853247356,8.662706928066122,8.332581672831036,3.7011697328000466,-7.480059131809278,-7.713825124773583,7.565699236060359,9.044699410151162,8.607679640699153,8.915251637699814,9.562089671936963,9.818449183334124,9.636550954285175,9.033985782232266,7.781430795830627,-6.66253928379369,-7.541436938920115,6.055145516867242,8.281725333272627,8.496139735568871,8.430060199614932,8.231520109336616,7.2426861697495,7.577633573701673,8.75679543251883,8.477889454034857,8.754930884816854,8.885841839918356,8.998139891840674,8.964571850035712,8.239990610192063,7.747554246760173,7.237398433067181,-7.2454769489407544,-7.666928745507508,6.5838420719070365,7.48511069224122,-5.557480298126546,-7.700275334571205,8.630583223584468,9.290194216741149,9.530778054354139,9.922711917150302,10.148567123042877,10.069536709212176,9.694751109784152,8.863757146927583,7.241499005042844,-8.349889631649946,5.548795522268911,8.22516672439953,8.738762901940447,8.854153435600077,8.937351488186353,7.667617344641789,-7.535096224246284,9.79316262149879,8.123961910517622,9.710714790775201,9.574053669554992,9.264572851283601,9.53757835365244,9.774632756647273,9.510843973544343
He,8.520413230217013,0.0,7.263265426113126,8.87140115922643,9.8094187566798,10.326274458145429,9.81730967810955,9.221336016046253,7.722945860334396,4.820435136865268,6.930684638049186,8.06879661074345,8.94240095583603,9.506587089506183,9.325469496186887,9.188867941621867,8.225110709031657,7.391914612335305,7.549083438205175,8.463309361072726,7.400539120337052,9.102955280905448,9.176931657975777,9.665707453955648,9.821825074942199,9.69688137083723,9.477958397702713,9.081992450729095,8.609755475378922,7.9215689492131105,8.496895513742414,9.01412352478776,9.287140865315356,9.123936465720377,8.528205145857124,8.084795165458173,7.9294891452032195,8.84590919877977,9.50960054186126,9.258047225480418,9.430259203071197,9.864259165656176,10.059834740158482,9.919829940200628,9.502883473239931,8.91069379959258,8.351035943764593,8.049607360285515,8.601791971274299,9.101206750996443,9.20139430208266,9.1692971717491,9.079393296461822,8.766002580694604,8.849240981539783,9.338629691625522,9.192420155430911,9.337588077053024,9.412791175464168,9.48060611529832,9.460019158562798,9.0830294321082,8.900081157436839,8.76514028877378,8.192944201399827,7.96575766385469,8.654938058278573,8.823628338219576,8.467567683177316,7.9402782944833055,9.270067147305495,9.670697125735106,9.841208055505728,10.14263455601411,10.3277600290783,10.262130878091584,9.963984309014315,9.39981114641942,8.765814744457673,6.668716471692883,8.57012140592627,9.076676921964202,9.328591913499565,9.39420387186342,9.44352242585805,8.87522760445737,8.053401543560174,10.04002529162336,9.034733197964679,9.976203917798623,9.87311789111026,9.653255278588071,9.846198087612954,10.025578194693793,9.826632740994938
Li,8.18596037583328,-7.263265426113126,0.0,8.648105611026729,9.727854050402637,10.278434223026505,9.73641273897425,9.069313996805741,6.725873727589361,-7.173103992956247,-6.003186376029807,7.477286659779312,8.736125826970216,9.394510598667164,9.189553321492745,9.031410765599585,7.744023689503996,5.283301902926652,6.159254691860346,8.105944346442723,5.351945018142528,8.930082585928693,9.017431975845986,9.570924950105077,9.741310484131958,9.6051443950336,9.362426601686785,8.905113964087016,8.308691485166278,7.193107058487194,8.15297568100797,8.82357869583923,9.145520325338987,8.954994390370988,8.196475377519572,7.5052997925170155,7.209412409267092,8.616134410210131,9.397355216072324,9.111924938160861,9.308736106447833,9.787227875864971,9.996928872241423,9.847117013597074,9.390358722161194,8.697013288843875,7.940066470507774,7.442505163746687,8.297974083560911,8.928042720686065,9.04605813575425,9.008335675224577,8.901606745416013,8.514026104456095,8.620325078338166,9.204047540146817,9.035039835933926,9.20314274318585,9.288786004272275,9.36540982226837,9.342264574869379,8.90635143130953,8.68383514678316,8.513395725956398,7.691402219220772,7.283572362459867,8.368897293454696,8.588038980115378,8.111333776158984,7.231455300996853,9.125856295508553,9.576404969408095,9.762297953448432,10.084866867213487,10.28000137773503,10.211047843255663,9.894526477554926,9.274271498737289,8.513785639806889,-6.462279701154787,8.254821018087982,8.89853424964422,9.192969862239346,9.267688044462044,9.323264240219196,8.652430157420484,7.449244269685957,9.975700655684046,8.848447001156936,9.907899357988173,9.797234006909465,9.55694322796431,9.767521799978693,9.960398083318816,9.746516633256242
Be,-7.654505856966435,-8.87140115922643,-8.648105611026729,0.0,9.31291213398066,10.060487853529349,9.325844038977033,8.001798509517409,-8.490159080314161,-8.853983305231035,-8.716544898268573,-8.27714981723433,6.263999492975583,8.752074645954973,8.317750469842384,7.887323872841151,-8.129378438021051,-8.613124028089123,-8.561639866916792,-7.778436220539496,-8.610560034731863,7.527013576741904,7.842752690897654,9.064544233541477,9.333215717094015,9.120699376143065,8.690182436777429,7.421312799543237,-7.403276153496155,-8.382548727171809,-7.708249041468576,6.997701358004783,8.209041248783333,7.624624257998749,-7.635719662815571,-8.263969225756762,-8.37752648971965,-5.1949188334585275,8.758472552174467,8.121000043205141,8.582143648038107,9.401489186383856,9.696489004664985,9.48837418421805,8.74417852085119,5.653527984242121,-7.969550130759923,-8.292464020551693,-7.42941588187624,7.518542695040197,7.932519286814204,7.813450594419992,7.407570761392495,-6.569910865692676,-5.0573239962962235,8.353401400510148,7.900328722019454,8.35060911970967,8.540905053861668,8.69601708229708,8.650303940903266,7.426715381147329,5.339063182161505,-6.578332492038092,-8.163638728727179,-8.353648048495122,-7.23679727987334,-5.809297203573215,-7.769935579383468,-8.370572087154372,8.158007323273287,9.07362033456221,9.364618722203355,9.813511262741335,10.062426816241565,9.97597093306475,9.555576903962915,8.509533965059964,-6.572240014556349,-8.754454892566791,-7.525346190006602,7.393028982021286,8.326286085839229,8.49582500709445,8.612846636551444,3.361530459916036,-8.28950607372253,9.667875358512129,7.1430005591909085,9.573890255668124,9.415522486347507,9.04170278577204,9.372643356376715,9.646843904407078,9.341038564082305
B,-9.48716262680839,-9.8094187566798,-9.727854050402637,-9.31291213398066,0.0,9.419041739947847,4.978237355126219,-8.998982586626598,-9.676951269588635,-9.802638700604653,-9.75163053348783,-9.616614790512287,-9.264436436131875,-8.467452814032423,-8.851553565769892,-9.038111052390246,-9.579961820129723,-9.716108704389494,-9.699313845150101,-9.508048368292778,-9.715257986423339,-9.129522727384327,-9.051805208489954,-7.798863667831715,5.430477846654313,-7.569723008870921,-8.544205095356864,-9.149524072060817,-9.450970906910987,-9.645319615675131,-9.495955920228159,-9.209045672552438,-8.910201013275795,-9.108658026198414,-9.484179880136564,-9.613178457125228,-9.643900996032274,-9.328967459702607,-8.458884805932698,-8.95115306420935,-8.656197497741962,6.934611881086492,8.552799772222862,7.662059555684976,-8.477851628544267,-9.28679182822687,-9.544719310385737,-9.62064960432904,-9.454383970169433,-9.131220897508666,-9.023376504442007,-9.060392052500386,-9.151943947514171,-9.37525408660593,-9.32690655057881,-8.830043296822708,-9.03396202988085,-8.831773029821383,-8.693061142985494,-8.537410876947098,-8.588450173818748,-9.14856044629622,-9.29403011946785,-9.375729022977977,-9.588099575151336,-9.63713272589052,-9.430983561434276,-9.34246739706119,-9.506550144331218,-9.641947177597146,-8.934577112483025,-7.766005570112986,6.3784035205467,8.881820861799495,9.422718919222138,9.251897031894787,8.020888821777778,-8.719205937148445,-9.375357492114787,-9.76526129294938,-9.467586302447405,-9.154463615701802,-8.846515547005236,-8.730186796731413,-8.626816477681414,-9.310441520437987,-9.619860223558982,8.460106896395377,-9.191764061071614,8.104978116542297,7.0952225317161615,-7.877424808241393,6.526493161561839,8.387930148948008,5.759124037828938
C,-10.14678977541405,-10.326274458145429,-10.278434223026505,-10.060487853529349,-9.419041739947847,0.0,-9.407267252194627,-9.924006583262026,-10.24940003576703,-10.322236210021844,-10.292213027166715,-10.215807593002577,-10.037823543525054,-9.745497357170152,-9.868119494394607,-9.93970519597974,-10.195845483736766,-10.271678969766349,-10.262077434276708,-10.157643431689413,-10.271190522499012,-9.977824179298716,-9.945289052040515,-9.599517517925007,-9.40042526440716,-9.565100416122535,-9.767479057058738,-9.986435764533926,-10.128240895501682,-10.231677292653249,-10.15134627680234,-10.01264454415895,-9.88973939139142,-9.968944929440068,-10.145249454844487,-10.213924787421638,-10.230890437638084,-10.068122854162912,-9.743117963997491,-9.905313596338466,-9.80175523075918,-9.332076461509338,-8.873543773368693,-9.229716413623194,-9.748404421358309,-10.048205291392934,-10.17696266275545,-10.218028855394563,-10.12997675360707,-9.978552200356388,-9.933750812251251,-9.948810065261847,-9.987485845559602,-10.090493740828741,-10.067138755639322,-9.860390280582825,-9.938023716205869,-9.861007943141384,-9.813627652302179,-9.765492331317791,-9.780701316084727,-9.986015535325908,-10.05159271875091,-10.090726068281258,-10.2002494375673,-10.22718419394136,-10.11813731949272,-10.074592372972068,-10.156861398306724,-10.22980369423234,-9.898761747375406,-9.594158883905946,-9.370141949856809,-8.541276757215948,3.842631297719901,-7.54827100563493,-9.13539051543947,-9.822227963180374,-10.090543773838549,-10.300174276458147,-10.136716598123355,-9.988681367631512,-9.86630010638924,-9.825886207908685,-9.792504011116264,-10.059320035177283,-10.217594131151126,-8.935800884372094,-10.004947731964636,-9.10618493214647,-9.316809119472264,-9.612652942256194,-9.362096475944648,-8.97818575890866,-9.3930529714961
N,-9.498035955467929,-9.81730967810955,-9.73641273897425,-9.325844038977033,-4.978237355126219,9.407267252194627,0.0,-9.016641800983344,-9.685954896231323,-9.81058312192033,-9.75998899096012,-9.62617528117153,-9.278005725306443,-8.497315657707505,-8.871989469160168,-9.055098347866567,-9.589871825713617,-9.724767666023787,-9.708119208149629,-9.518699987158785,-9.723926969152387,-9.145037497306939,-9.06856341329521,-7.856338021086252,4.431879118605387,-7.641464413750422,-8.57189615504768,-9.16473323035539,-9.462244572838266,-9.654610812695665,-9.506736339727244,-9.223382237478965,-8.929484019170788,-9.124496644918244,-9.495086801981383,-9.622771686968255,-9.653207609261932,-9.34169468232961,-8.489000598695101,-8.96966946065191,-8.680986969492222,6.7833350795003176,8.524571689283881,7.591821564769189,-8.507411404476974,-9.300063705958161,-9.554989276848577,-9.630171808795133,-9.465618915910321,-9.14670882851405,-9.040613066771803,-9.077007386064219,-9.167116622677135,-9.387408576818288,-9.339659864626729,-8.850917981286063,-9.05101856060385,-8.8526120031606,-8.716930580310445,-8.56528509251392,-8.614955621108912,-9.16378414955641,-9.307206293793339,-9.387877771497077,-9.597935233524959,-9.646500376170097,-9.442483659866708,-9.355025227913135,-9.517217560186257,-9.65127004104828,-8.953400063231157,-7.825344085624332,6.097554402047012,8.861586919910314,9.410988589817384,9.237966320734962,7.972352293251733,-8.742500192359781,-9.387511292292904,-9.773507009221644,-9.478674710826622,-9.169598398488716,-8.867052691916998,-8.753228521495359,-8.652335718953541,-9.32340461074827,-9.629390305236265,8.429094403586886,-9.206349396357583,8.060442481234045,6.967883344142828,-7.930671185052987,6.289308529297625,8.354555615522933,5.152437324854575
O,-8.536105719148994,-9.221336016046253,-9.069313996805741,-8.001798509517409,8.998982586626598,9.924006583262026,9.016641800983344,0.0,-8.96851899302714,-9.209094540164939,-9.11475188261608,-8.841926164253206,-7.80873785945814,8.11326375773517,7.0126651664622885,-5.780796043246107,-8.760614329463207,-9.046497396419657,-9.01342142425407,-8.589287562732032,-9.044840145999515,-7.029773323964861,-6.086971680745349,8.640827838293669,9.026676047761326,8.725383046494025,7.992578037201102,-7.182426275814798,-8.439591576350908,-8.903194651445252,-8.558724445355228,-7.546036090925655,6.534687322693811,-6.84501098087143,-8.528370342301423,-8.834454658742438,-8.900217187874832,-8.060115807066763,8.125347603139836,5.937689633092659,7.7622527967009,9.118359471772948,9.493643765809887,9.232098910653576,8.098223197034098,-7.901249241951265,-8.678781415617113,-8.85066071090494,-8.44894896605421,-7.043559136832802,-5.3015163721769545,-6.240966358459431,-7.199232079398808,-8.215838179509587,-8.052766236709386,7.138275848237365,-5.667012944656213,7.128832370947613,7.665957277126232,8.004219491071565,7.910795393817166,-7.176745195256099,-7.929874077417984,-8.2173338160923,-8.778984594192972,-8.886117080788773,-8.383635309794261,-8.107307789815241,-8.585539127027285,-8.896102551365805,6.234228337633869,8.654659899273643,9.069103056920301,9.635198408413757,9.926226922564334,9.826507164431966,9.318092793138105,7.58794132117402,-8.21616618755951,-9.140367146335008,-8.484627337193672,-7.217236947345478,7.0441552971005255,7.554596474308125,7.830644180968469,-7.992602909430556,-8.848954454447625,9.458480856008546,-7.451305802247606,9.341282863735687,9.136934829007737,8.605721604632041,9.079872774483466,9.43248805251615,9.03728538349261
F,7.922077774815252,-7.722945860334396,-6.725873727589361,8.490159080314161,9.676951269588635,10.24940003576703,9.685954896231323,8.96851899302714,0.0,-7.666964785354956,-7.120780611001776,6.8402627971195775,8.592492365710934,9.322723401151228,9.100701172135716,8.926510419677562,7.296364881925899,-6.458018187986194,-5.890608664716719,7.815700421166957,-6.435732738253569,8.813317974812414,8.91097373951201,9.511109675002242,9.691105629299262,9.54739755334532,9.288215094727862,8.785208298809438,8.079080578239616,6.209566674778218,7.87888583432799,8.692781107246716,9.052476005507625,8.841271889652528,7.9362161563340665,6.894050317764138,6.252664208891799,8.452613370875827,9.32634391845127,9.015544084174541,9.230255806598077,9.739331326773286,9.958261484483046,9.802059676689757,9.318259525128255,8.547178052193583,7.588809161806249,6.773034729404888,8.065515191826657,8.810981581756753,8.942764467949306,8.900994850935485,8.781714512319652,8.331798558347467,8.457546645354109,9.117151332570963,8.931127367037044,9.115851301720145,9.208878527574486,9.291415149364413,9.266486467737034,8.786608016361207,8.531876146905033,8.330466448655812,7.211875616941473,6.435315275078319,8.15424794938064,8.419442759654048,7.823773413612413,6.30903080030824,9.030852115613756,9.516925897724107,9.713161827985196,10.04951319681983,10.251004117677029,10.17994880591541,9.851598121549639,9.19291966231554,8.331507997570569,-7.295208557297603,8.010745866165715,8.778054579584149,9.104609390348495,9.186038645596723,9.246431884712566,8.495758772863857,6.786563338655284,9.93631071559253,8.721092481206133,9.865267894252506,9.749359574918763,9.49655560970572,9.718831610650641,9.92027199655246,9.69657886355685
Ne,8.495577590999154,-4.820435136865268,7.173103992956247,8.853983305231035,9.802638700604653,10.322236210021844,9.81058312192033,9.209094540164939,7.666964785354956,0.0,6.802583503458894,8.029510731581873,8.92620159704531,9.497397301362023,9.314444508042593,9.176217993042997,8.191605934277607,7.3130813011273945,7.4821062701309,8.437015860299692,7.32240985000328,9.089163761014992,9.164130433662507,9.657878615812246,9.81513168742057,9.689290057330073,9.468500401478451,9.067903355075345,8.587070636551683,7.875734181756054,8.471466629115708,8.999041535661755,9.27567541386014,9.11045038791453,8.503569849770084,8.046144669908655,7.884193713384251,8.828038834456319,9.50043848303447,9.246248779291967,9.420336894357787,9.857850602720525,10.05456020198525,9.913760316188018,9.49365020248467,8.893954506733069,8.321554451609739,8.00954464911472,8.578924542663588,9.087391328229607,9.188902971072336,9.156397086376767,9.06527103943263,8.746631931180982,8.831430605484982,9.327749986803822,9.179816721073239,9.326696967440087,9.40269306832391,9.471173239214286,9.45038884049375,9.068958819754677,8.88316119301496,8.74575205669555,8.158306362194852,7.9221380322997925,8.63295887105016,8.80536264810841,8.441370991033535,7.895479942904755,9.25841778767072,9.662903357532418,9.834640100620755,10.137780015597261,10.32372770955894,10.257824428517472,9.95817761248559,9.389564529726753,8.746049635464784,6.498827559847011,8.546509421429471,9.06251598823648,9.317601896974146,9.383915372641727,9.433731443974782,8.857878756949628,8.013492039265811,10.034644911483852,9.019967219197236,9.970471573279468,9.866760646302392,9.645064962582643,9.839663373202754,10.020111198670573,9.81996838494041
Na,8.292524880680164,-6.930684638049186,6.003186376029807,8.716544898268573,9.75163053348783,10.292213027166715,9.75998899096012,9.11475188261608,7.120780611001776,-6.802583503458894,0.0,7.683011723121991,8.798974960585236,9.42753998479378,9.229945935298785,9.078563270065509,7.905237451965611,6.398137508032366,6.77629047987912,8.220904117181563,6.4211881519545235,8.982134704147551,9.065232732556987,9.598685870501262,9.76477298178473,9.631983948887132,9.396515022455658,8.958446949999926,8.403513090011158,7.458154115504003,8.262923822003224,8.88131470768134,9.187693318730116,9.005796958236525,8.302366258548865,7.706526826892693,7.470689361810072,8.686226417730012,9.430366023204366,9.155508094038426,9.344671148041515,9.809649142790112,10.01514693520418,9.868249289444138,9.423524997779072,8.762293075828538,8.07481045245262,7.654793090555563,8.39376934352721,8.980198304238671,9.092539974846689,9.056725840047836,8.955575520510557,8.592440977057374,8.69062600444391,9.243959357788253,9.082136864299553,9.243305161212492,9.32563690344186,9.399400021237392,9.377037145568245,8.95962461426275,8.749954169098526,8.591333452152414,7.8606313999192805,7.528269694084721,8.458723153783314,8.661159518753303,8.225700133677982,7.487694084788469,9.169242015606773,9.604016137319437,9.785278916737909,10.101564021935474,10.293759062374853,10.22578081417106,9.914690599886049,9.311446068234442,8.592138014888683,-5.467272371737124,8.354636401969595,8.952476853758261,9.233424021104247,9.30536729376285,9.35877117418381,8.72109592551291,7.6602460739211935,9.993922685768824,8.904810784499784,9.927584044815593,9.819048229457099,9.585360405211183,9.790555175298636,9.979287430251201,9.76985871232363
Mg,7.508701598522404,-8.06879661074345,-7.477286659779312,8.27714981723433,9.616614790512287,10.215807593002577,9.62617528117153,8.841926164253206,-6.8402627971195775,-8.029510731581873,-7.683011723121991,0.0,8.402298246588323,9.235595978804515,8.990671106949,8.79410002878386,6.293935391083669,-7.359751078851733,-7.1665302335253465,7.344510735600773,-7.350782413920479,8.663793848494079,8.776348520515729,9.439486882549868,9.631639618183533,9.4784192106913,9.197880605661348,8.631081418231055,7.737427210935492,-6.082682902722556,7.4426564969008195,8.522398843256198,8.936683068559613,8.696183522613207,7.530001519497022,3.9637149373842226,-6.031553221213176,8.230463466840217,9.239545537272672,8.895121436881109,9.134268872749496,9.682744372357003,9.913060848924047,9.749015042888349,9.230727413750914,8.347252874445049,6.949194711619292,-4.122213176693152,7.718362873287112,8.661094420672592,8.81263325671634,8.764931007484224,8.627013238216836,8.077208596241316,8.236620130924068,9.009027151336209,8.799439607782471,9.00760626891491,9.110727558243765,9.201395936516667,9.174069230449426,8.632706851644983,8.328505472559073,8.075467842251964,6.047388742826701,-5.743873714406255,7.841731254540903,8.18892719671966,7.356014979496714,-5.956360760095793,8.912404992699054,9.445732946307373,9.655030218166985,10.008344586990647,10.217476368802949,10.14389985396362,9.801185876701771,9.093104339368878,8.076808236890933,-7.78611813941855,7.639889513495246,8.622739624759177,8.995042880630779,9.085486788732009,9.152060332525275,8.284079643791529,-3.909388014990786,9.890083742259097,8.555862163084926,9.81585773812836,9.693366871217734,9.423841478836984,9.661038551843344,9.873274807488722,9.637446144699455
Al,-7.876426118401414,-8.94240095583603,-8.736125826970216,-6.263999492975583,9.264436436131875,10.037823543525054,9.278005725306443,7.80873785945814,-8.592492365710934,-8.92620159704531,-8.798974960585236,-8.402298246588323,0.0,8.665522470250806,8.180753179019778,7.66806217296685,-8.273082719265865,-8.704125781963288,-8.657240402643504,-7.976121626137684,-8.701797795600159,7.195305888990652,7.612282836031729,9.001989416106738,9.285736998025612,9.061632009584349,8.597834308688366,7.044762010735159,-7.680513313490446,-8.495908021339387,-7.919731280189309,6.345286059182384,8.055039767245365,7.328927949044676,-7.86136509544002,-8.390673901024995,-8.491394598379202,-6.557803156651687,8.672498960195838,7.951557130234821,8.478704959458366,9.357220676606412,9.663712786557664,9.447863457873645,8.656896781322393,-5.479482843534612,-8.136218121016732,-8.415820601886912,-7.700306072012519,7.183541233232311,7.724132447717854,7.575243849465831,7.025118840942661,-7.121295048843098,-6.524361922471207,8.22155376325102,7.684429417442937,8.218424658683796,8.432851344507014,8.604224884284182,8.55400513303187,7.05268694486438,-5.7622826271621,-7.125830624876517,-8.302824553660882,-8.469801070519033,-7.556772024457331,-6.753914290280212,-7.9699501197727916,-8.485189806045302,7.995385821183914,9.011615775007314,9.318635396997507,9.784403684738967,10.03980963350117,9.951285970281798,9.517740150800396,8.397816723221162,-7.122431708843134,-8.833936965026082,-7.774338999371023,7.00334188910987,8.19055708407392,8.382512984927471,8.512697667275315,-6.2105323783705995,-8.413201839098548,9.634131801501049,6.6077759895437165,9.537173522370193,9.371903228655418,8.977621099250122,9.327036221490518,9.61236545132915,9.293932116943264
Si,-9.039898179209702,-9.506587089506183,-9.394510598667164,-8.752074645954973,8.467452814032423,9.745497357170152,8.497315657707505,-8.11326375773517,-9.322723401151228,-9.497397301362023,-9.42753998479378,-9.235595978804515,-8.665522470250806,0.0,-7.709277326856871,-8.205643795888403,-9.181476264343292,-9.378073484865642,-9.354450751467716,-9.072123166887916,-9.37688712954591,-8.404542676411074,-8.2368407986081,7.74952563842099,8.514116548265088,7.944395792592864,-5.941740394135893,-8.445404565767506,-8.982707369604055,-9.277342223071297,-9.053628708092214,-8.56229639843507,-7.88263424394988,-8.36095164842589,-9.035231358468009,-9.230561000529267,-9.275297361860638,-8.780049753026047,3.726567005509379,-7.993106780248538,-6.896960219549201,8.662794552142492,9.204083085452922,8.836747461508777,-3.928089225694711,-8.705864246164582,-9.128528612319526,-9.241495845542422,-8.988133668549624,-8.408028355501736,-8.171370815061419,-8.256125097342913,-8.450278978616677,-8.858870637359507,-8.776478872066257,-7.640219617816449,-8.195952976063396,-7.64578917366115,-7.094142550383145,-5.845908667285397,-6.418339793530637,-8.443442229526012,-8.718750659036495,-8.85966646573797,-9.193573974277596,-9.265495408819584,-8.950392616497192,-8.803243859194374,-9.070068456625005,-9.272468837559371,-7.9479020163798815,7.7829233854690445,8.583971353424804,9.3890046451724,9.74815109217948,9.627780469700157,8.961926529208636,-7.2188512884536875,-8.859070798652033,-9.446339556341803,-9.009111113540717,-8.455354937734333,-7.693209661935941,-7.265460821275916,-6.711971976770624,-8.747740464301204,-9.240314861975568,9.156828732550057,-8.529051811225244,8.995564711407898,8.691998592548224,7.659955457343521,8.601384989805673,9.121510607512588,8.531752823289683
P,-8.733124432920677,-9.325469496186887,-9.189553321492745,-8.317750469842384,8.851553565769892,9.868119494394607,8.871989469160168,-7.0126651664622885,-9.100701172135716,-9.314444508042593,-9.229945935298785,-8.990671106949,-8.180753179019778,7.709277326856871,0.0,-7.267962095328427,-8.920996086502964,-9.169337669601582,-9.14015234876317,-8.776650517549331,-9.167876817963052,-7.713956285640358,-7.345815877660884,8.422531242691775,8.883576229668748,8.526680099872978,7.522580630710502,-7.7938782338110135,-8.654565152520323,-9.043700223245946,-8.751723113737528,-8.007281897159457,-6.047174802523401,-7.625008200650473,-8.726738840494322,-8.984215463599044,-9.041114150104292,-8.361402070629037,7.725010821006793,-6.596534640929334,7.1234500561223335,8.988646877968053,9.4063713087514,9.117184347690953,7.686684044028036,-8.24545018805177,-8.851733768005525,-8.998168387187263,-8.662080908488138,-7.720810220643027,-7.177979308824034,-7.392009813482517,-7.803941253279452,-8.478092324924457,-8.355165693983592,5.01316148512771,-7.245688124952888,4.928022898858687,6.9325146185371604,7.541219173219562,7.388293206382002,-7.79010873118566,-8.265803632845063,-8.479326617157303,-8.93666844833766,-9.028709710767385,-8.609401052695494,-8.395481375281458,-8.773888765277638,-9.037538695990841,-6.39976544279186,8.439708776961744,8.932374121192678,9.55987844136224,9.870481119723769,9.764730926540826,9.213169066836995,6.764936771648703,-8.478425421605046,-9.252805645065854,-8.691004342213617,-7.812777077845875,3.597669258642163,6.684436503209814,7.249703351546775,-8.31138214819188,-8.996740001986119,9.367016351597751,-7.94863759776479,9.239036860970176,9.009901910467661,8.378048806643006,8.944479293802921,9.339434412966954,8.895812521174996
S,-8.470616101825073,-9.188867941621867,-9.031410765599585,-7.887323872841151,9.038111052390246,9.93970519597974,9.055098347866567,5.780796043246107,-8.926510419677562,-9.176217993042997,-9.078563270065509,-8.79410002878386,-7.66806217296685,8.205643795888403,7.267962095328427,0.0,-8.708629407542134,-9.007693152543505,-8.973294566114273,-8.527310851865801,-9.005970309763265,-6.69302307797142,-4.762784903493592,8.696347791521278,9.064755656467447,8.77652019069256,8.096196393286572,-6.900811444177969,-8.367218501828232,-8.858285941264874,-8.49473036969622,-7.358915115432173,6.919353655622419,-6.423634584457689,-8.462309599677223,-8.786480985486424,-8.855174813353536,-7.9524871596487126,8.216666856914534,6.554039123056535,7.891062454696758,9.153150464391196,9.517690420347513,9.26322951974829,8.191936919589995,-7.7738768712873725,-8.622256951828117,-8.803261447770147,-8.377227476660332,-6.712186463474692,4.823306693505802,-5.248798369306078,-6.923023294543512,-8.124442557417305,-7.944299076327874,7.366663625346277,3.593842922554352,7.357234351773473,7.806968668586339,8.106738764741545,8.022740839517176,-6.891584676915129,-7.8062834642570404,-8.12610025552766,-8.727970446008218,-8.84042910396441,-8.306953262356881,-8.004933407636969,-8.52329931649044,-8.850866222590327,6.724943259695642,8.709438641131863,9.105629364901628,9.656099760437494,9.941842569881258,9.843803963907321,9.346698914356121,7.740418992277641,-8.12485948248898,-9.105109933497495,-8.415502634132123,-6.946618788555071,7.292444219699624,7.710672942232018,7.951432606433339,-7.876979608979784,-8.801481933426288,9.483378119480417,-7.2435728605054175,9.369219827484605,9.171097481179997,8.662463636188317,9.116000502650575,9.45802596544641,9.074970980931317
Cl,7.157397443465695,-8.225110709031657,-7.744023689503996,8.129378438021051,9.579961820129723,10.195845483736766,9.589871825713617,8.760614329463207,-7.296364881925899,-8.191605934277607,-7.905237451965611,-6.293935391083669,8.273082719265865,9.181476264343292,8.920996086502964,8.708629407542134,0.0,-7.655257653494242,-7.515152278651603,6.913666666161676,-7.648581591610841,8.56582332044694,8.689270139561193,9.395572992005425,9.595543265740616,9.436221252119811,9.141627158671872,8.529788372500857,7.468705508509666,-6.885962979846773,7.062191358664458,8.40867324637801,8.862993695040009,8.60148766211998,7.187528158371752,-6.1955151403813575,-6.863426772624154,8.07504388752522,9.185645907767988,8.818185131657646,9.07420704807512,9.648475911104814,9.885943737554967,9.716977136575595,9.17633520606068,8.21020032588775,6.218704207999234,-6.4002046141978575,7.443585847011949,8.56284918562371,8.728795875911802,8.676856575123788,8.525182664014784,7.893554624598064,8.08223208705549,8.940666368544283,8.71438025570651,8.939115255980994,9.049183087066538,9.14533864082422,9.1164132610363,8.531484575922267,8.188675904750427,7.891451091171653,-4.781552014289928,-6.74899877211376,7.60329946119015,8.026514855542054,6.932721517079692,-6.831421093508722,8.836913987231668,9.402097025393232,9.619781836257767,9.98371496910592,10.197543614881377,10.122429832856058,9.770804189114672,9.030430630921273,7.892433024790394,-7.98863119978433,7.339040859503703,8.520449900810158,8.925685584349498,9.022320635003,9.093084783477684,8.136684225102892,-6.38039639641846,9.862323341149894,8.446091177545156,9.785925210835524,9.659498608681469,9.379218672200393,9.626005199791468,9.845036418652116,9.601561259524832
Ar,8.129850037131549,-7.391914612335305,-5.283301902926652,8.613124028089123,9.716108704389494,10.271678969766349,9.724767666023787,9.046497396419657,6.458018187986194,-7.3130813011273945,-6.398137508032366,7.359751078851733,8.704125781963288,9.378073484865642,9.169337669601582,9.007693152543505,7.655257653494242,0.0,5.624287764208673,8.044513528161229,2.7117914823929987,8.90379906819856,8.99345268478174,9.557166552589656,9.72972029216859,9.591853436408964,9.345499457953668,8.878167099856471,8.259215211591053,7.033754085237294,8.094904545637998,8.794298248793813,9.124382414055878,8.929364845157382,8.141351100904872,7.3919977809789845,7.052791597001396,8.579978340804907,9.38150024430244,9.090059502167263,9.290812351590706,9.776158126047235,9.98796222127357,9.836691708503533,9.373851801272737,8.663713329577698,7.868160647107209,7.320365328231373,8.247898762029697,8.901679210366432,9.022685323302312,8.984230070921008,8.87498396651793,8.474427153391535,8.584322923315112,9.184715691147925,9.01196063147001,9.183500683421485,9.27071151736187,9.348481807709428,9.32493737239186,8.879429895661822,8.650092885316754,8.473138047569197,7.597314706602579,7.138990048487825,8.322520352315681,8.550971120291937,8.050704133399032,7.0785249908692185,9.104361528894948,9.56271960389055,9.750947440344023,10.076658604650554,10.273253065434806,10.203811120568067,9.884588460301257,9.255713020160835,8.473798873532251,-6.729272470632603,8.20247136224668,8.87165050515452,9.172998069503835,9.24924448306436,9.306041657106071,8.618081269252441,7.328147627664623,9.9666574215257,8.81990153494457,9.898094070400237,9.785865813763865,9.543269336441321,9.756407543965315,9.951096581236364,9.734982510868088
K,8.044978038271726,-7.549083438205175,-6.159254691860346,8.561639866916792,9.699313845150101,10.262077434276708,9.708119208149629,9.01342142425407,5.890608664716719,-7.4821062701309,-6.77629047987912,7.1665302335253465,8.657240402643504,9.354450751467716,9.14015234876317,8.973294566114273,7.515152278651603,-5.624287764208673,0.0,7.952274351181677,-5.572374963113015,8.865565118996853,8.95847381031081,9.537453471190585,9.71315734444235,9.572817588878877,9.321033331429117,8.838911152166173,8.185046776171925,6.754777715937993,8.006905829021383,8.751545109582807,9.093838177516393,8.892241190383539,8.057566890619348,7.20563600064728,6.779918130649423,8.526730627615693,9.357464312051208,9.058428164680242,9.265009928906954,9.760401862241592,9.975195795676111,9.82182726043319,9.350130274832265,8.614852393131418,7.756498717199937,7.118770051455438,8.1729087590768,8.863389524842933,8.988812696185207,8.94900389264674,8.835355311712194,8.415149296952974,8.531312283334707,9.15543432737794,8.977247073294157,9.154757211014982,9.244379726413671,9.324144083281986,9.300011449677331,8.840235196876462,8.60053795026537,8.413825038741296,7.448545945084256,6.891716825834345,8.253283128494813,8.4966675992808,7.958551556469597,6.813595339401535,9.073546649643,9.54312079012187,9.734734344338321,10.06498206652841,10.263670589168608,10.193541223036211,9.87042249884148,9.228978333602056,8.414787162800106,-7.014466563571441,8.123863563788289,8.832179264046804,9.143956647873406,9.222253152999677,9.280237197803912,8.566649887719532,7.128086541282984,9.953067793140832,8.778246130010633,9.884118228840908,9.770209903496538,9.523078032130979,9.74028786780035,9.937848220155827,9.718512770776163
Ca,5.6243253651710905,-8.463309361072726,-8.105944346442723,7.778436220539496,9.508048368292778,10.157643431689413,9.518699987158785,8.589287562732032,-7.815700421166957,-8.437015860299692,-8.220904117181563,-7.344510735600773,7.976121626137684,9.072123166887916,8.776650517549331,8.527310851865801,-6.913666666161676,-8.044513528161229,-7.952274351181677,0.0,-8.040476564338928,8.352966863567898,8.504021203334702,9.308439721897486,9.524766795903938,9.35251937830152,9.027558463759474,8.308065153859186,6.614583959787395,-7.593313703352581,5.078878711037394,8.155043334751138,8.709693145528563,8.39691438317326,5.759400081158275,-7.310573196018353,-7.5822468902709215,7.699327380806837,9.076767731567116,8.656883390670819,8.951683989574258,9.581336155129996,9.833449385352942,9.654493345614712,9.06648650172041,7.890546163402141,-6.227175860912318,-7.382595478968519,6.554781786618035,8.34933309761306,8.550996307805546,8.488626285273956,8.302546360104966,7.42291001080323,7.709776941598246,8.799436867287179,8.533829682956583,8.797591184381863,8.923352217967924,9.03172568539883,8.999340866228621,8.310440548158303,7.860783840353287,7.419347686740351,-7.026142608891974,-7.527346575488343,6.9075695306475495,7.629182127478333,2.9379752060842033,-7.5667740017465315,8.679017377298571,9.315364854292401,9.550618991726019,9.936256710538201,10.159369346834644,10.081171258485075,9.711628864391756,8.902058380193463,7.421934565159113,-8.2818160369058,6.278503786116844,8.296586008382544,8.782119604441037,8.892889781750464,8.9730842368674,7.7890539702548285,-7.375594681057058,9.80850866529774,8.202607218370794,9.727663530708508,9.593598618252619,9.290389104169876,9.55728636118904,9.790213181588154,9.531080456016303
Sc,8.125700236460494,-7.400539120337052,-5.351945018142528,8.610560034731863,9.715257986423339,10.271190522499012,9.723926969152387,9.044840145999515,6.435732738253569,-7.32240985000328,-6.4211881519545235,7.350782413920479,8.701797795600159,9.37688712954591,9.167876817963052,9.005970309763265,7.648581591610841,-2.7117914823929987,5.572374963113015,8.040476564338928,0.0,8.901893831931035,8.991632642647108,9.556172413740413,9.72888379388291,9.590893199774507,9.344225270099573,8.87620575702194,8.255569955882278,7.021273447617714,8.090606958936661,8.792131298671439,9.12285709831349,8.927507700637339,8.137248868886756,7.383299165898169,7.040600935805977,8.577343952909064,9.380314577457899,9.088478567694633,9.289512711995815,9.775362204613916,9.987318554049079,9.83594004155069,9.372661183040414,8.661291869805266,7.862791855134552,7.311018646872623,8.244211865150326,8.899763464644007,9.020993716573763,8.982437117831989,8.873016340676068,8.470979382210134,8.581699978476337,9.183272528461561,9.010245063362962,9.182055737156762,9.26937613495876,9.347261135605459,9.32368712279898,8.877476113707111,8.647631948252378,8.47031529876902,7.590558957449615,7.127103603907447,8.319051381933182,8.5482115188926,8.046227631925248,7.066644643592537,9.102772626615671,9.561734258922325,9.750130832678693,10.076069323286276,10.272769255546867,10.203249967061405,9.883867141485778,9.254373301740412,8.471224099773371,-6.745877447500507,8.198612818987057,8.86967631325473,9.171537885310839,9.247891580348501,9.304763490562141,8.61553656380306,7.318903282500875,9.965997285323596,8.817823239738928,9.89738969346221,9.78506389416469,9.542264614220112,9.755595782685035,9.950428440890937,9.734154766460222
Ti,-8.28568964113876,-9.102955280905448,-8.930082585928693,-7.527013576741904,9.129522727384327,9.977824179298716,9.145037497306939,7.029773323964861,-8.813317974812414,-9.089163761014992,-8.982134704147551,-8.663793848494079,-7.195305888990652,8.404542676411074,7.713956285640358,6.69302307797142,-8.56582332044694,-8.90379906819856,-8.865565118996853,-8.352966863567898,-8.901893831931035,0.0,6.537686902131862,8.822732848808355,9.153867700367037,8.893716115376868,8.315742215660906,-5.232835358100026,-8.159911278842513,-8.736595476482455,-8.314633921393268,-6.6390478530123636,7.505200394136734,5.255214133875378,-8.27568195688295,-8.654830319336947,-8.733077670165647,-7.621121726955616,8.412359420806611,7.3184293257131445,8.154529695154418,9.235032012804806,9.575262899410118,9.336874773056701,8.393330146755297,-7.360016868378518,-8.465497549399936,-8.674174792260358,-8.172210201432447,-2.7984169454410717,6.835319927576897,6.42556375057233,-5.3452565837654165,-7.8516025720322284,-7.607731691716822,7.776188480158342,6.735932179439589,7.773384358599459,8.090533635460172,8.324215271647255,8.257211674498835,-5.182897203993947,-7.408671699436093,-7.853931314278896,-8.588108228306018,-8.71616365746326,-8.084741343480399,-7.690004252011743,-8.348744671361363,-8.728208709194119,7.401647052870208,8.834283895502535,9.191320918519493,9.706408052181494,9.979940270164859,9.885688408386907,9.414642343937537,8.040874173110982,-7.852249332217839,-9.011329967564773,-8.21899377929663,-5.453580103334276,7.729700732586436,8.01904705973641,8.20142502217714,-7.511909452840481,-8.672199511205882,9.542097081776381,-6.385749514758028,9.436170484061144,9.252328149667399,8.793558783048548,9.200857184880393,9.51902492581026,9.163216176670245
V,-8.44598313763233,-9.176931657975777,-9.017431975845986,-7.842752690897654,9.051805208489954,9.945289052040515,9.06856341329521,6.086971680745349,-8.91097373951201,-9.164130433662507,-9.065232732556987,-8.776348520515729,-7.612282836031729,8.2368407986081,7.345815877660884,4.762784903493592,-8.689270139561193,-8.99345268478174,-8.95847381031081,-8.504021203334702,-8.991632642647108,-6.537686902131862,0.0,8.715568570361887,9.07809132380668,8.794273011078728,8.130951597133558,-6.776517943045014,-8.339877821328674,-8.8416420537189,-8.47070876023536,-7.282105616178068,7.028008857320662,-6.2148017754659985,-8.437515097512076,-8.768368472779006,-8.838476166872368,-7.910799662169019,8.247528773668257,6.707040231070748,7.933554551269855,9.1653628532642,9.526187783023367,9.274169420970932,8.223579054042615,-7.72381278171776,-8.601128514914988,-8.785672581725851,-8.350200756512946,-6.560076524798565,5.48250446467789,-4.307670289209058,-6.801634390734409,-8.089465328910789,-7.902261296499349,7.437434145939619,5.023632031517763,7.430594338784026,7.853115278093816,8.141135783589057,8.060112482188869,-6.766058974173062,-7.757882722434997,-8.091182195987571,-8.708993978137693,-8.823266983507237,-8.277484800000343,-7.965346806374087,-8.499956938218645,-8.834095781398187,6.855403148334929,8.728411182672897,9.118435575921247,9.66349672088264,9.947462728501351,9.84994393274811,9.356775524733795,7.789708691240931,-8.089850801830199,-9.092130974880284,-8.38951026894736,-6.827943913001955,7.368483186964875,7.761355659419517,7.991484489587171,-7.831778335610302,-8.783857790908959,9.49217044734286,-7.156966085542679,9.379564445628985,9.183117537223737,8.683032060127616,9.128688759458534,9.46704566898712,9.088172955426641
