element,0,1,2,3,4,5,6,7,8,9,10,11,12,13,14,15,16,17,18,19,20,21,22,23,24,25,26,27,28,29,30,31,32,33,34,35,36,37,38,39,40,41,42,43,44,45,46,47,48,49,50,51,52,53,54,55,56,57,58,59,60,61,62,63,64,65,66,67,68,69,70,71,72,73,74,75,76,77,78,79,80,81,82,83,84,85,86,87,88,89,90,91,92,93,94
H,-0.0,-0.11469102964871127,-0.04031318819005231,0.16625598506812975,0.3319373934982955,0.20367787865323136,0.1897056389389636,0.06210193461907014,-0.08393691105541828,-0.11155206509460697,-0.056024529898268526,0.05221326082682946,0.08933957761560651,0.11339191475686605,0.18426337708421228,0.12283040262346054,-0.05825888428513491,-0.10557013099793365,-0.0699669731197694,0.04831455538050534,0.22392085995695618,0.38143918241413904,0.4638890281331426,0.4935813226011959,0.4554236485148753,0.3814164532876832,0.29032972314047384,0.18902389553606128,0.08935364590392278,-0.010742148147782847,0.015540873410299687,0.1106118888692321,0.16406769346651412,0.10241501375653587,-0.05157792198760561,-0.09722854323120807,-0.073924449843386,0.018764001980024297,0.18959033167045616,0.43374127533546714,0.6332159582069596,0.6994289184014651,0.6358934171012318,0.4752679684099833,0.27149997648738017,0.07586348644468499,-0.03471215630165838,-0.07195490409711634,0.004301086257669152,0.0776704644538453,0.1402101459828757,0.09831251163986961,-0.029409705772609478,-0.08072525808939376,-0.0691321527066303,0.0460609335368156,0.14606236980105014,0.06690520592681067,0.0362418888118327,-0.0062618718143872395,-0.036801702615967095,-0.04546070585468794,-0.017230334500950063,0.0025275875092167287,0.01229930392328453,0.013968598140474403,0.024552331379966912,0.045279719992569585,0.04692860426707101,0.0394634011178172,0.16863748163475933,0.48293849452786725,0.739793513456167,0.8853089684164586,0.8562232887466735,0.7004771220915621,0.46530283610979684,0.19790414636491316,-0.015826664886903145,-0.024439303257088953,-0.03323445125295503,0.07386374860900184,0.1390287002384706,0.10825130621653066,-0.009073605746693105,-0.07803222868579195,-0.07474122667811886,0.011310963519354515,0.1759897424890887,0.3095227626646083,0.3640902324811176,0.3307393881708816,0.24523178776392285,0.13543733463836458,0.07630396986555096
He,0.11469102964871127,-0.0,0.07437784536450485,0.28094702956639794,0.44662843649149897,0.31836892115145454,0.3043966837173405,0.17679297963737345,0.030754097743327255,0.003138953253558449,0.05866647415201707,0.16690429510377838,0.20403060248265922,0.22808294649236593,0.29895440508951027,0.2375214282768913,0.056432146513372666,0.009120834915804893,0.04472403920584754,0.1630055335275696,0.33861189500747413,0.4961300551219061,0.5785800610429982,0.6082723549541508,0.5701146962589074,0.4961075241291785,0.40502079185636314,0.30371494807844934,0.20404468115962118,0.10394888001137063,0.1302319655361197,0.22530291336903932,0.2787587111513579,0.21710604161044478,0.06311312744514885,0.017462351538162887,0.04076655799268344,0.13345485596230555,0.3042813824094289,0.548432442344497,0.7479072810651711,0.8141199498169356,0.7505844530896484,0.5899589955406139,0.38619100331322204,0.19055450685324146,0.07997886618591693,0.042735911204070026,0.11899211224739617,0.19236149890714715,0.25490118043602517,0.21300354609319833,0.08528132836881297,0.03396580609528629,0.04555858172902466,0.16075192426635415,0.26075340411403597,0.1815962425218351,0.1509329232650625,0.10842912879586951,0.07788933547465304,0.06923033569469626,0.09746069168163371,0.11721861767536829,0.12699034330566084,0.12865973437172332,0.1392433579276612,0.15997088780299126,0.16161963991414152,0.1541544395436728,0.28332851462138786,0.5976295245834807,0.8544845026838597,1.0,0.9709143169697392,0.8151681404320579,0.579993857649785,0.3125951752375689,0.0988643625413251,0.09025171929031955,0.08145686415480337,0.18855501619936876,0.2537199978220552,0.22294271711475322,0.1056174300184554,0.03665884201890818,0.03994957120013868,0.1260025699275843,0.29068132336459795,0.4242137909290135,0.47878126674138477,0.4454304225718148,0.35992280675490274,0.2501283731494753,0.1909949976112505
Li,0.04031318819005231,-0.07437784536450485,-0.0,0.2065691630278084,0.3722505419621143,0.24399105078762107,0.23001880542636566,0.10241511055418785,-0.04362371619428595,-0.07123887742096176,-0.01571133353152259,0.09252645459661468,0.12965276490304808,0.15370510366502274,0.224576565157617,0.16314359052567878,-0.01794569581456623,-0.06525694288748572,-0.029653801618233677,0.08862769412610189,0.2642340616593429,0.4217511832165342,0.5042022163479412,0.5338945176745756,0.49573689506375507,0.4217297082218093,0.3306429661637502,0.22933714207585548,0.12966686731120403,0.029571039101485255,0.055854128263613655,0.15092506953072712,0.20438087098386082,0.14272820204031345,-0.011264907229919118,-0.05691535537746676,-0.03361128073049496,0.05907720775228136,0.22990352022293242,0.47405450618959233,0.6735291219394761,0.7397421069823077,0.6762066053821043,0.5155811558404308,0.3118131675547241,0.11617666718077137,0.0056008793087320855,-0.031641703697490926,0.04461427105556772,0.117983657699721,0.18052333921692684,0.1386257048915552,0.010903487072364897,-0.04041198400152985,-0.02881896547051796,0.0863741211325932,0.18637588695510504,0.10721839839814397,0.07655508204485657,0.034051287515705006,0.003511419386828667,-0.00514755994942474,0.023082853740600116,0.04284078182759253,0.05261238779581968,0.05428179418699972,0.06486552978494753,0.08559299516752673,0.08724180090689268,0.07977659117173445,0.20895067497724243,0.5232516887966341,0.780106662127365,0.9256221603136296,0.8965364887163717,0.740790299361758,0.5056160175879703,0.2382173343184425,0.02448652239983383,0.015873884049528785,0.007078733101843434,0.11417693741827552,0.17934219433955073,0.14856449677905323,0.031239587093334232,-0.03771899939646299,-0.03442803918008572,0.05162472738537449,0.21630347904780195,0.3498359559743593,0.4044034250761346,0.3710525798463248,0.28554496664289974,0.17575053269497984,0.11661715864404687
Be,-0.16625598506812975,-0.28094702956639794,-0.2065691630278084,-0.0,0.16568137791218937,0.037421885672417984,0.023449634207562756,-0.1041540527790774,-0.2501928949851732,-0.27780806380806805,-0.222280447654525,-0.11404270742931569,-0.07691639775604946,-0.05286405747218072,0.01800740222522098,-0.04342557807902689,-0.22451486156657158,-0.2718261110516952,-0.23622296696412023,-0.11794141648187101,0.057665447960879766,0.21518305802413815,0.2976330528466265,0.3273253477108442,0.2891676696569111,0.21516047818425713,0.12407374843265832,0.02276792281358917,-0.07690232605325052,-0.17699813622387406,-0.1507150369587964,-0.055644146981362524,-0.002188275553871991,-0.06384106971430885,-0.21783388757888378,-0.2634845155603561,-0.24018043025431204,-0.14749192216451307,0.023334185355873928,0.2674854161304883,0.46696025850823547,0.5331729464364142,0.4696374413938236,0.30901199951937774,0.1052440046894945,-0.09039248848765041,-0.20096814774718166,-0.23821088921944522,-0.1619548877293019,-0.08858570093025872,-0.026046015549834756,-0.06794370874105465,-0.19566529144397352,-0.24698093935563645,-0.23538814509851438,-0.12019503908400403,-0.020193527535134724,-0.09935075759519954,-0.13001407934877796,-0.1725178728670877,-0.20305767878539535,-0.2117166791864637,-0.18348630818682699,-0.1637284208348156,-0.1539566598024557,-0.15228726774729634,-0.14170349385277525,-0.120976224506054,-0.11932719425597002,-0.12679257928486884,0.002381294284444829,0.31668249864349235,0.5735375255738456,0.7190529972523682,0.6899673135707276,0.5342211355218884,0.29904686178529377,0.031648194017696495,-0.18208266273410495,-0.19069529030194607,-0.19949012883538106,-0.09239222638975587,-0.027227276952467423,-0.058004671304528854,-0.1753289969353321,-0.24428786452797535,-0.24099720868910574,-0.15494443255290843,0.009733901998374426,0.14326679759679123,0.19783423774653333,0.16448339518725477,0.0789758104347617,-0.030818618689566122,-0.08995200527374957
B,-0.3319373934982955,-0.44662843649149897,-0.3722505419621143,-0.16568137791218937,-0.0,-0.12825949213245075,-0.14223174430623722,-0.2698354556648807,-0.4158743026565733,-0.4434894696314135,-0.3879618429875104,-0.279724085397621,-0.2425977779811858,-0.21854543660194714,-0.14767397450434455,-0.20910695043569388,-0.3901962395494408,-0.4375074890755428,-0.40190432175590834,-0.28362260347427687,-0.10801596420900156,0.04950166746341536,0.13195167702986613,0.16164397102289227,0.12348629363083072,0.04947909484843092,-0.04160763592338306,-0.14291345979936118,-0.2425837158953095,-0.3426795090529424,-0.31639641505861854,-0.2213254669224688,-0.16786966506055265,-0.22952233753449144,-0.38351527368058774,-0.42916589305387925,-0.40586180900399077,-0.3131733312569961,-0.1423470215200697,0.1018041099276648,0.3012785943233377,0.3674915730005395,0.3039560588350622,0.1433306293048372,-0.06043736691296436,-0.25607387625578193,-0.36664953730775063,-0.40389226250647603,-0.3276362594366018,-0.2542668710014849,-0.19172718781977197,-0.23362482150971098,-0.36134666239309865,-0.4126623076968724,-0.4010695119357699,-0.28587645169720427,-0.18587477829991453,-0.26503213225855204,-0.2956954557016447,-0.3381992558193264,-0.36873905691966974,-0.37739805717225877,-0.349167679132125,-0.329409755284328,-0.31963803587622946,-0.31796864573142564,-0.30738487015421556,-0.28665766293856726,-0.2850085710858269,-0.2924739442632028,-0.163299828177356,0.1510011599970356,0.40785615452794166,0.5533716247188629,0.5242859294016199,0.3685397573844611,0.1333655044418338,-0.13403320505983204,-0.34776404415038337,-0.3563766691934978,-0.365171505039143,-0.25807334115149333,-0.1929086510440623,-0.22368563750418358,-0.34101037518881633,-0.40996923697187565,-0.4066786024163984,-0.32062585252021647,-0.15594702254119164,-0.02241457923531556,0.03215280285356542,-0.001197973158768583,-0.08670557347847235,-0.19650000895275752,-0.2556333891530973
C,-0.20367787865323136,-0.31836892115145454,-0.24399105078762107,-0.037421885672417984,0.12825949213245075,-0.0,-0.01397224317115164,-0.14157594067270032,-0.2876147899513709,-0.3152299562396651,-0.25970232265170734,-0.15146459350359967,-0.11433828264704805,-0.09028594296779666,-0.019414486335023007,-0.0808474581858633,-0.26193674715216786,-0.3092479966905664,-0.27364482141592583,-0.15536311178701132,0.020243541453037438,0.1777611674465071,0.26021116821738394,0.28990346488870666,0.25174578333914727,0.17773858631668646,0.08665185535850893,-0.01465396276353006,-0.11432421459865952,-0.21442002476582128,-0.18813692253255848,-0.09306597709825515,-0.03961024180422738,-0.1012628488712227,-0.25525577310951847,-0.3009063991178311,-0.2776018795623929,-0.18491381502391613,-0.014087702070830623,0.23006352747480868,0.4295380972645779,0.4957510644966968,0.43221555620350716,0.27159010727000393,0.06782212623973509,-0.12781437986836505,-0.23839003625061295,-0.2756327690249007,-0.19937676960070286,-0.1260073785023931,-0.06346789828072691,-0.10536559379398733,-0.2330871771076551,-0.2844028250369865,-0.2728100306589607,-0.15761692376275352,-0.05761541248833202,-0.13677264325597624,-0.16743596492105986,-0.20993975839855655,-0.24047956452110375,-0.2491385647727385,-0.22090822133963353,-0.20115026300572195,-0.19137854545423771,-0.18970924985885387,-0.17912537739273005,-0.15839810572031793,-0.1567490804228632,-0.16421446325707223,-0.035040353086753635,0.27926060985151907,0.5361156371810053,0.6816311160139565,0.6525454285467355,0.49679924989805696,0.2616249751031021,-0.005773689410168751,-0.21950454099596217,-0.2281171744053188,-0.23691201449877822,-0.1298141173294746,-0.06464915853302516,-0.09542655635729502,-0.21275088259923047,-0.2817097501391003,-0.278419099799219,-0.19236631855136832,-0.027687988445835,0.1058449116186698,0.160412296950693,0.12706150661250376,0.04155371806972404,-0.06824051797097427,-0.12737389084037407
N,-0.1897056389389636,-0.3043966837173405,-0.23001880542636566,-0.023449634207562756,0.14223174430623722,0.01397224317115164,-0.0,-0.12760370252124784,-0.2736425488634372,-0.30125771944418217,-0.24573008434356824,-0.13749234977757221,-0.10036603927921123,-0.07631369929676662,-0.005442235972943727,-0.06687521575419375,-0.24796450368449824,-0.2952757522883802,-0.25967258889360967,-0.14139087008910003,0.034215717772281745,0.1917334094505453,0.2741833898933758,0.30387570461206853,0.26571802691074553,0.1917108295972173,0.1006240988429883,-0.0006817155554849979,-0.10035197116546798,-0.20044777157286298,-0.17416467906236235,-0.0790937827185178,-0.025637991590483456,-0.08729060433198825,-0.24128352973571612,-0.286934155748828,-0.2636300765930434,-0.17094157601430862,-0.0001153069383599667,0.24403577341202107,0.4435103363378707,0.5097233075697477,0.44618779967791133,0.2855623507440732,0.08179436963968488,-0.11384213732568217,-0.2244177929418074,-0.2616605407255042,-0.18540453007851876,-0.11203533792480107,-0.0494956489838531,-0.09139334445421918,-0.21911493379201682,-0.2704305779019167,-0.2588377871177885,-0.14364468049052967,-0.04364316440929935,-0.12280039996182048,-0.15346372156102212,-0.19596751502796173,-0.22650732088704292,-0.23516632130761286,-0.2069359523674115,-0.18717805535215162,-0.17740630144888872,-0.1757369995545329,-0.1651531341340364,-0.1444257534952149,-0.1427768373561964,-0.15024222155200323,-0.02106810998034422,0.2932328505912114,0.5500878771264396,0.6956033592778299,0.6665176710031763,0.5107714933712766,0.27559721857673997,0.008198243370590932,-0.20553228682404978,-0.2141449309237916,-0.22293977118229452,-0.11584186212838528,-0.05067690922969886,-0.08145430701527398,-0.19877863928420791,-0.26773750698485305,-0.2644468563146992,-0.17839407531063073,-0.013715740513609154,0.11981715326919501,0.17438454581262008,0.14103375111269353,0.05552596684272827,-0.05426827464972884,-0.11340164821239282
O,-0.06210193461907014,-0.17679297963737345,-0.10241511055418785,0.1041540527790774,0.2698354556648807,0.14157594067270032,0.12760370252124784,-0.0,-0.14603884680501575,-0.17365401602862685,-0.11812641406788726,-0.00988866263034227,0.027237654382900597,0.05128999450554946,0.1221614602964295,0.06072848022090727,-0.12036080497167108,-0.16767205719406855,-0.13206890199431234,-0.01378736330506405,0.16181892617738966,0.3193371118741362,0.4017871067311667,0.43147939969561466,0.39332172225175066,0.31931452685722445,0.22822779994760523,0.12692197184398574,0.027251724398599308,-0.07284407709922164,-0.04656098945354824,0.04850995582853404,0.10196576105777459,0.04031308511650772,-0.11367983978843534,-0.1593304645727355,-0.13602638529699493,-0.04333791613605873,0.12748841239952424,0.3716394765841574,0.571114020066393,0.6373269977817946,0.5737914939694807,0.4131660528050785,0.20939806301241629,0.013761570446883883,-0.09681408838531866,-0.13405683231665894,-0.05780102152884347,0.015568361989968775,0.07810805180208372,0.036210353829708705,-0.09151161521289368,-0.14282688302520846,-0.13123407287717456,-0.016041521667168858,0.08396046322820129,0.004803249961627617,-0.02586011357269605,-0.06836382355674761,-0.09890362293166549,-0.107562624160527,-0.07933225747120161,-0.059574357438810795,-0.04980271909579753,-0.048133301993808886,-0.03754957409122677,-0.016822192709498265,-0.015173300484543217,-0.022638616343031756,0.10653558398806239,0.4208365520891402,0.6776915964965894,0.8232070513391805,0.7941213661446851,0.6383751882505156,0.40320092279963643,0.1358022464579935,-0.07792860282956288,-0.08654123207725606,-0.09533606900752116,0.01176191719318077,0.07692679149293401,0.04614938982705779,-0.07117551355415368,-0.14013381239241357,-0.1368431490853963,-0.05079038043603342,0.11388840752906841,0.24742081853211503,0.30198829565385477,0.2686374543369423,0.18312986327000408,0.0733354216470132,0.014202058916282274
F,0.08393691105541828,-0.030754097743327255,0.04362371619428595,0.2501928949851732,0.4158743026565733,0.2876147899513709,0.2736425488634372,0.14603884680501575,-0.0,-0.027615153808231676,0.027912443053860866,0.13615017045233996,0.17327648291551795,0.19732882478424194,0.268200286203966,0.20676730886064326,0.025678024639075394,-0.021633274178795108,0.013969909590733524,0.13225142586239513,0.30785818706479834,0.46537593702795516,0.5478259372326485,0.577518234971504,0.5393605692564002,0.46535339267578235,0.37426665886830585,0.27296082442751185,0.1732905552084157,0.07319475464656314,0.09947785242247897,0.19454879804103992,0.2480046034083514,0.18635192719492016,0.03235898709921801,-0.013291761067345738,0.010012419891870487,0.10270093396798298,0.27352724011133533,0.5176783179409269,0.7171528625788878,0.7833658294554416,0.7198303250150846,0.5592048775213735,0.35543688387346456,0.15980038753106343,0.0492247509316366,0.01198180179050215,0.08823798687477499,0.16160737352548246,0.22414705504660024,0.18224942071476458,0.05452722086819991,0.0032116937432904898,0.014804785690599674,0.12999780404828276,0.2299992953908253,0.15084211492857885,0.12017879787605526,0.07767500704056018,0.0471352064683231,0.038476203222950964,0.06670656551514988,0.08646450515258457,0.09623609931372888,0.09790561286822984,0.10848926149672726,0.12921661312149313,0.13086552933498372,0.12340021659579253,0.2525743697325697,0.566875386357529,0.8237304103555971,0.9692458771345388,0.9401601973187118,0.7844140302206369,0.5492397445491727,0.2818410546527614,0.06811024215131618,0.05949759875567123,0.05070273902561832,0.15780066672105164,0.22296561776919172,0.19218863363717986,0.07486332289668517,0.005904729432216921,0.009195443716601161,0.09524789076200549,0.25992720360174687,0.3934596768170282,0.4480271412201658,0.414676297130192,0.3291686957015572,0.21937424272764267,0.16024087795828057
Ne,0.11155206509460697,-0.003138953253558449,0.07123887742096176,0.27780806380806805,0.4434894696314135,0.3152299562396651,0.30125771944418217,0.17365401602862685,0.027615153808231676,-0.0,0.05552759687450714,0.16376532784913148,0.2008916347444253,0.22494397813930234,0.2958154354496136,0.23438246007167912,0.053293098545224606,0.005981869459915475,0.041585091324277054,0.15986657366677207,0.33547292379744725,0.4929909691770946,0.5754410879556179,0.6051333784226429,0.5669757418946526,0.49296855641741705,0.40188182666791167,0.30057599489383896,0.20090571492051076,0.1008099086078478,0.12709300202845736,0.22216394383715193,0.2756197444530215,0.21396707290863465,0.05997417101080538,0.014323396964884097,0.037627589882300284,0.1303161526788386,0.3011423923535988,0.5452934695733493,0.7447680052592657,0.8109809666675923,0.7474454713271761,0.5868200190884283,0.3830520361913376,0.18741553907213032,0.07683994400917032,0.039596981098845054,0.11585314513231869,0.18922253259468522,0.2517622127494649,0.2098645795158786,0.08214237304345061,0.03082685241496199,0.042421537051458,0.15761296939624772,0.25761476263854777,0.17845727493743316,0.1477939571095875,0.10529007006262127,0.07475027675380022,0.0660913060952492,0.09432174585564805,0.11407965272163334,0.12385137826852931,0.1255207695884273,0.13610454712734069,0.15683189405540285,0.15848068176516114,0.15101546055357992,0.28018953296793586,0.5944905734240361,0.851345541666884,0.9968610119235589,0.9677753297036105,0.8120291572758643,0.5768548830640534,0.30945620299759263,0.09572539514204718,0.0871127555996706,0.07831789832746257,0.18541604750384624,0.2505810316681249,0.2198037478776272,0.10247847082597718,0.03351975897450483,0.03681062094699821,0.12286304984360612,0.2875423600184257,0.4210748236802709,0.47564229037174066,0.44229144605968235,0.35678384239303085,0.24698940204909584,0.1878560393754313
Na,0.056024529898268526,-0.05866647415201707,0.01571133353152259,0.222280447654525,0.3879618429875104,0.25970232265170734,0.24573008434356824,0.11812641406788726,-0.027912443053860866,-0.05552759687450714,-0.0,0.10823775684002256,0.1453640748012296,0.1694164662899291,0.24028791817543935,0.178854922614972,-0.002234471989325658,-0.0495456433438299,-0.013942492376804854,0.10433897429441596,0.2799453683473642,0.43746351184618676,0.5199135439763186,0.549605899163712,0.5114482511194373,0.43744106115536996,0.34635420814929996,0.24504832179365293,0.14537813867579663,0.045282256418392335,0.07156543098606453,0.16663637122217867,0.22009217828724048,0.1584394996108533,0.0044465858041418905,-0.04120405163961843,-0.01789995853248502,0.07478843899147777,0.24561482035620189,0.48976583936236356,0.6892404380966312,0.7554534184828288,0.6919179076399,0.5312924787073211,0.32752447380900385,0.13188797606704125,0.021312332908158444,-0.015930402853350373,0.06032557950448549,0.13369497379070427,0.19623465534220433,0.15433702097225577,0.02661516472082203,-0.02470069330877769,-0.013107519709372474,0.1020846866285813,0.20208720009845343,0.12292971496864125,0.09226638032168505,0.04976259178093886,0.019222794798329237,0.010563791801984402,0.038794154969057484,0.058552027808690545,0.06832380793236632,0.06999319622064933,0.08057696705668693,0.10130434879611942,0.10295327102338435,0.09548777874543941,0.22466198927429493,0.5389630185263399,0.7958179856708412,0.941333460560711,0.9122477798870856,0.7565016011073155,0.5213273194285988,0.2539286433943486,0.040197824988018466,0.03158518527984565,0.022790030564445417,0.1298884882780182,0.19505347272964083,0.1642761868272314,0.046950880442609255,-0.02200770717301918,-0.018717052076989284,0.06733603007134983,0.2320147870161546,0.3655472538150236,0.4201147373066799,0.3867638731037063,0.3012562691496787,0.19146182513599214,0.13232846064674222
Mg,-0.05221326082682946,-0.16690429510377838,-0.09252645459661468,0.11404270742931569,0.279724085397621,0.15146459350359967,0.13749234977757221,0.00988866263034227,-0.13615017045233996,-0.16376532784913148,-0.10823775684002256,-0.0,0.037126268155872784,0.061178681922412825,0.1320501112402282,0.07061711771084912,-0.11047214791984651,-0.15778340309988612,-0.12218024468422327,-0.0038987227771735155,0.17170759873191505,0.3292257586237162,0.4116758188158561,0.44136805574975096,0.4032103800085521,0.32920314838063897,0.23811645210936574,0.13681062925521678,0.03714035007130216,-0.06295541838233595,-0.03667237441171224,0.05839861506206001,0.11185441745327887,0.050201742662611945,-0.10379118766907561,-0.14944180717614175,-0.12613777698350667,-0.03344905813489629,0.13737706502787791,0.38152818293399526,0.581002682462641,0.647215656065634,0.5836801526700021,0.42305477983493245,0.21928679901226536,0.023650114501907755,-0.08692561135729852,-0.12416816626953817,-0.04791218284403664,0.0254570313196528,0.08799688540388859,0.04609925048398222,-0.08162258257745517,-0.13293823049241063,-0.12134539101659883,-0.006152372835277601,0.09384945626870966,0.014691898369282417,-0.0159713728318429,-0.05847516594937794,-0.08901496587751266,-0.09767396866032525,-0.06944360591497549,-0.049685666914891874,-0.03991637295651535,-0.038244561298929475,-0.027672125729707425,-0.006933396909581113,-0.005284629297090167,-0.012749872611373845,0.11642428815098535,0.4307252043142559,0.6875802310359657,0.8330957037982499,0.8040100233595252,0.6482638445405343,0.41308956455162527,0.1456908854972547,-0.06804025611703997,-0.07665257741412458,-0.08544743003796346,0.021650505901639975,0.08681545751369663,0.056038060921770126,-0.06128684661834032,-0.13024515862120079,-0.12695449541881487,-0.040901730066779225,0.12377702883844724,0.2573092862002046,0.31187697042048135,0.27852612618288625,0.19301851451626864,0.08322408606657132,0.024090710523878345
Al,-0.08933957761560651,-0.20403060248265922,-0.12965276490304808,0.07691639775604946,0.2425977779811858,0.11433828264704805,0.10036603927921123,-0.027237654382900597,-0.17327648291551795,-0.2008916347444253,-0.1453640748012296,-0.037126268155872784,-0.0,0.02405234182722552,0.09492380320182182,0.03349082639013658,-0.14759846341466817,-0.1949097126261801,-0.15930655528482118,-0.041025108515004655,0.134581236971527,0.2920994524982326,0.37454945257504607,0.4042417976793567,0.36608406449699726,0.2920768706840035,0.20099014186727815,0.09968431949419955,1.407176151957904e-05,-0.10008172932461158,-0.07379863909065457,0.021272301401140555,0.07472810693519828,0.013075389646179833,-0.14091749046682273,-0.18656811780441843,-0.16326400390973847,-0.07057536816878202,0.10025073263026436,0.3444017122776866,0.5438763757141941,0.6100893467123665,0.5465538428851062,0.38592839448706545,0.18216040234676387,-0.013476194943035846,-0.12405174399966976,-0.16129449259711895,-0.08503848896060759,-0.011669198935909534,0.05087044387419383,0.008972746398035117,-0.11874889267521851,-0.17006453746311379,-0.158471700018433,-0.04327914496686043,0.05672314794686393,-0.02243437006368162,-0.053097682760713596,-0.09560147575242373,-0.12614127894518185,-0.1348003032815595,-0.10656990924503051,-0.08681281535804591,-0.0770402285281086,-0.07537087027209906,-0.06478713697776936,-0.04405980876909122,-0.04241091313871115,-0.04987620699454424,0.07929790553908975,0.39359888922851705,0.6504539268258923,0.7959693968771894,0.7668837233534015,0.6111375357865657,0.3759632587539228,0.10856458121330867,-0.10516626419789107,-0.11377888666172992,-0.12257373006685525,-0.01547571282043057,0.04968918364413344,0.018911782389682687,-0.09841312147891985,-0.167371469495269,-0.16408080215569415,-0.07802804003947308,0.0866507478709194,0.2201830136548592,0.2747506401779604,0.24139980237220363,0.15589220949610266,0.04609777559205139,-0.013035598979611228
Si,-0.11339191475686605,-0.22808294649236593,-0.15370510366502274,0.05286405747218072,0.21854543660194714,0.09028594296779666,0.07631369929676662,-0.05128999450554946,-0.19732882478424194,-0.22494397813930234,-0.1694164662899291,-0.061178681922412825,-0.02405234182722552,-0.0,0.07087146127447251,0.009438483708305878,-0.17165080346903377,-0.21896205337354974,-0.18335890820760234,-0.06507738311550798,0.11052916117150613,0.2680471119180402,0.350497104669874,0.38018943550124995,0.342031784948512,0.26802453061109777,0.17693780164662432,0.07563194879373017,-0.024038295017808478,-0.12413406356456431,-0.09785097836228449,-0.0027800501113347245,0.0506757645396824,-0.010976980073098153,-0.16496983050293745,-0.21062045809038654,-0.18731638420538452,-0.09462770770333018,0.07619840697135499,0.32034946910272355,0.5198240479612694,0.5860370046687592,0.5225015067907561,0.3618760519422955,0.15810806645581232,-0.03752859739833276,-0.1481040892131427,-0.18534683508209565,-0.10909082960087377,-0.035721564882351016,0.026818074261975213,-0.01507962344494469,-0.14280123331591846,-0.19411688124164403,-0.18252407043365915,-0.06733098137300224,0.032670551020392936,-0.04648674685975959,-0.07715002262988988,-0.11965381578800527,-0.15019362022633206,-0.15885262083721657,-0.13062229116313173,-0.11086434949895048,-0.10109264392659009,-0.09942326187491457,-0.08883949223120582,-0.06811205212093864,-0.06646320922959503,-0.07392851988290085,0.05524557011612444,0.3695465888211916,0.6264015477287034,0.7719170525383972,0.7428313729854806,0.5870851959654299,0.3519109146019926,0.08451225087487652,-0.12921859657355206,-0.1378313428010655,-0.14662607070843525,-0.039528075004478254,0.025636810818649953,-0.005140491979635069,-0.12246549122518768,-0.19142380848078458,-0.18813315364061572,-0.1020803764313672,0.06259840754074775,0.19613084845492854,0.2506982990883014,0.21734745690810703,0.1318398688977976,0.022045425999856906,-0.03708793775495608
P,-0.18426337708421228,-0.29895440508951027,-0.224576565157617,-0.01800740222522098,0.14767397450434455,0.019414486335023007,0.005442235972943727,-0.1221614602964295,-0.268200286203966,-0.2958154354496136,-0.24028791817543935,-0.1320501112402282,-0.09492380320182182,-0.07087146127447251,-0.0,-0.06143297724204655,-0.2425222655299326,-0.2898335150217985,-0.2542303664475854,-0.13594874952079317,0.0396577701424096,0.19717564811314728,0.2796256511608996,0.30931798116947323,0.27116033358486663,0.19715303574502446,0.10606634061134973,0.004760483239576028,-0.09490976774893725,-0.1950055384301165,-0.16872244067041614,-0.07365149330016392,-0.020195742191116427,-0.08184836575171696,-0.23584129853431526,-0.2814919240444264,-0.2581878828446705,-0.1654991684103825,0.005326768763721645,0.24947800921643662,0.4489525392327859,0.5151655432476143,0.45163004570282783,0.29100459006008317,0.08723660349226683,-0.10839989859551383,-0.21897554893918098,-0.25621830026920595,-0.1799622896678372,-0.10659289861997345,-0.04405339966977853,-0.08595084975114549,-0.21367269448340195,-0.26498834250220055,-0.25339555860133317,-0.13820248226373488,-0.03820092099690964,-0.11735815890789011,-0.14802148219219738,-0.19052528078145675,-0.22106508240111664,-0.22972408563767832,-0.20149374386129607,-0.1817357968535442,-0.17196406458931174,-0.17029471712951946,-0.15971089666024893,-0.13898351318996702,-0.13733466403318884,-0.14479993258518958,-0.015625866769605812,0.2986751227501154,0.5555301166606571,0.701045591332135,0.6719599116920518,0.516213734457647,0.281039455369042,0.013640569058842984,-0.2000900538201014,-0.2087026921338667,-0.21749753029804678,-0.11039936963235134,-0.04523458188402639,-0.07601205784554783,-0.19333639997124452,-0.2622952693809063,-0.25900460712756096,-0.17295185956150153,-0.008273497721222373,0.12525938538182496,0.17982687402773115,0.1464759931390144,0.060968407393229486,-0.04882602459161543,-0.10795940865096326
S,-0.12283040262346054,-0.2375214282768913,-0.16314359052567878,0.04342557807902689,0.20910695043569388,0.0808474581858633,0.06687521575419375,-0.06072848022090727,-0.20676730886064326,-0.23438246007167912,-0.178854922614972,-0.07061711771084912,-0.03349082639013658,-0.009438483708305878,0.06143297724204655,-0.0,-0.1810892882879008,-0.22840053828254175,-0.19279739383451716,-0.07451600600827672,0.10109039259983073,0.25860862819421576,0.3410586299328453,0.3707509667157993,0.33259324489214015,0.2585860346087691,0.16749929811687317,0.0661934716476986,-0.03347677254056166,-0.13357255420958394,-0.10728946343116692,-0.01221853750855444,0.04123728082990957,-0.02041545879815374,-0.17440831551114996,-0.22005894150616562,-0.19675493974325117,-0.10406619259974574,0.06675992549760679,0.3109109822711974,0.5103855641024507,0.5765985205959964,0.5130630170144191,0.3524375672628757,0.14866957675693054,-0.046967077106312906,-0.15754257220071408,-0.19478531895076232,-0.11852931420958826,-0.045160091879222326,0.017379593924911677,-0.02451803800220039,-0.1522397179245614,-0.20355536587565184,-0.19196257253087842,-0.07676946676503724,0.023232070482558532,-0.05592518420958976,-0.08658850673893552,-0.12909230375320374,-0.15963210531358593,-0.1682911079223544,-0.14006075666019993,-0.1203028029283617,-0.11053110185606609,-0.10886168828898037,-0.09828677456952026,-0.07755053055327346,-0.07590175232621398,-0.08336700079991742,0.045807083509983144,0.36010794731677637,0.6169630378364108,0.7624785708816705,0.7333928892493046,0.5776467097171183,0.3424724326137619,0.07507376538818346,-0.13865709004489513,-0.14726982166774377,-0.15606455531845156,-0.04896661733051243,0.016198416232852265,-0.01457895956525887,-0.13190396969244716,-0.20086229370634753,-0.19757162742315257,-0.11151886456180744,0.05315992334467052,0.186692154193525,0.24125981534562901,0.20790897326431215,0.12240138426491814,0.01260695132322731,-0.04652642315611262
Cl,0.05825888428513491,-0.056432146513372666,0.01794569581456623,0.22451486156657158,0.3901962395494408,0.26193674715216786,0.24796450368449824,0.12036080497167108,-0.025678024639075394,-0.053293098545224606,0.002234471989325658,0.11047214791984651,0.14759846341466817,0.17165080346903377,0.2425222655299326,0.1810892882879008,-0.0,-0.04731123460636434,-0.01170804727551117,0.10657353797328778,0.2821797489966162,0.43969790935799735,0.5221479315621507,0.5518402720231871,0.513682552551513,0.43967533381146273,0.34858860462323643,0.24728277945088833,0.1476125320177009,0.047516732096349934,0.07379982746493977,0.16887077247104285,0.2223265712468361,0.1606739023876108,0.0066808801281867435,-0.03896971058705254,-0.015665578615915984,0.07702296891031572,0.24784914107925765,0.49200032700074997,0.6914748425100653,0.7576877874093704,0.6941523094317444,0.5335268634686877,0.32975892324392475,0.13412236590079896,0.02354672221513313,-0.013696012965783579,0.06255996206452318,0.13592934869190634,0.19846903118259374,0.1565713958949419,0.02884927612347884,-0.022466260858035624,-0.010873168094570061,0.10431981185424123,0.20432159598977104,0.12516409252280564,0.09450077292301393,0.051996982819732245,0.021457181892639537,0.012798208722405339,0.04102855031963075,0.0607864854158514,0.07055820718214358,0.0722275956550015,0.08281137476145185,0.10353875262830194,0.10518765618607397,0.09772220930871525,0.22689640081083023,0.5411973968360348,0.7980523833934303,0.9435678607332395,0.9144821758022067,0.7587359979384316,0.5235617227943057,0.2561630376070845,0.042432214066361704,0.03381957508893128,0.02502452897412582,0.13212272730194416,0.1972876739463873,0.16651027714886082,0.049185377778868555,-0.019773224491299143,-0.016482506454977775,0.06957041955509159,0.23424919223160826,0.3677815001246051,0.4223491120330244,0.3889982728628779,0.30349066572345995,0.19369622115576524,0.13456284752214354
Ar,0.10557013099793365,-0.009120834915804893,0.06525694288748572,0.2718261110516952,0.4375074890755428,0.3092479966905664,0.2952757522883802,0.16767205719406855,0.021633274178795108,-0.005981869459915475,0.0495456433438299,0.15778340309988612,0.1949097126261801,0.21896205337354974,0.2898335150217985,0.22840053828254175,0.04731123460636434,-0.0,0.03560322834908187,0.1538848766446163,0.3294910087864963,0.4870091566781505,0.5694592237341912,0.5991515307651866,0.5609937805013783,0.48698658440987336,0.3958998549550753,0.2945940319599721,0.1949237827827305,0.09482799530305241,0.12111107492671919,0.2161820277033315,0.26963778097399654,0.2079851503004659,0.0539922197483528,0.008341526960773732,0.03164569499038633,0.12433417857276913,0.2951604743819391,0.5393116170347017,0.7387860889817467,0.8049990629249657,0.741463560212557,0.580838185637884,0.37707020895693805,0.18143368332071766,0.07085787448978283,0.033615091686029164,0.10987122854402906,0.18324061584163312,0.2457803065464149,0.2038826634433299,0.07616050378979011,0.02484498128195384,0.03643781926618667,0.15163042475511485,0.2516328536616047,0.17247535475494943,0.14181203115465957,0.09930823578730706,0.06876844787302071,0.0601094327910032,0.08833979880881451,0.10809773615806714,0.11786946163948864,0.11953884258263668,0.13012262579051817,0.1508499941515243,0.15249891682724934,0.1450335426367189,0.27420764079391885,0.5885086661194664,0.8453636415906817,0.9908791116053144,0.9617934315713386,0.8060472541219837,0.5708729789274967,0.3034742938344055,0.08974319660644005,0.08113082587348504,0.07233599271072368,0.1794341308021396,0.24459913084434853,0.21382183142026423,0.09649660720761735,0.02753801741649926,0.03082873167345264,0.11688117603516021,0.2815604190784181,0.41509290230972123,0.4696603751475456,0.43630951723038464,0.3508019189431639,0.24100747558755015,0.18187410490127184
K,0.0699669731197694,-0.04472403920584754,0.029653801618233677,0.23622296696412023,0.40190432175590834,0.27364482141592583,0.25967258889360967,0.13206890199431234,-0.013969909590733524,-0.041585091324277054,0.013942492376804854,0.12218024468422327,0.15930655528482118,0.18335890820760234,0.2542303664475854,0.19279739383451716,0.01170804727551117,-0.03560322834908187,-0.0,0.11828173771262676,0.29388791310860995,0.45140610715092355,0.5338568252056756,0.563548309988301,0.525390640789003,0.4513834417613133,0.3602966954191864,0.25899088817043053,0.1593206421160917,0.05922484743429992,0.08550791830075508,0.18057897386983987,0.2340347588415108,0.1723820608822255,0.01838889212655231,-0.027261555248395863,-0.003957599037200282,0.08873117515042668,0.25955730004424427,0.5037083943622725,0.7031828950916142,0.7693959038187188,0.70586053128372,0.5452351305663535,0.34146713620932384,0.1458304728791739,0.03525477135844149,-0.0019880593161198355,0.07426807859351613,0.14763746110589246,0.21017714499203347,0.16827949976447912,0.040557687700552354,-0.010758181128591154,0.0008348995369696925,0.11602791987849405,0.2160296946605842,0.13687219640679812,0.10620887378689296,0.06370516004739386,0.033165282689863816,0.024506248128454967,0.052736673632258424,0.07249457424239092,0.08226629297062697,0.08393568686777865,0.09451946149057075,0.11524684536829592,0.11689575930595397,0.10943037719862048,0.23860449054793892,0.5529054811861458,0.8097604871596927,0.955275949697817,0.9261902738372937,0.7704441314547974,0.5352699641081875,0.2678711652322101,0.054140311804765515,0.045527667994103474,0.036732842147101194,0.14383099020156478,0.20899598067177264,0.17821869714935074,0.0608934034310581,-0.008065132567617001,-0.004774138405725353,0.08127850076906004,0.2459572597346848,0.37948974420798504,0.43405721964643273,0.40070636171247037,0.31519875809579917,0.20540432152680985,0.14627094960196307
Ca,-0.04831455538050534,-0.1630055335275696,-0.08862769412610189,0.11794141648187101,0.28362260347427687,0.15536311178701132,0.14139087008910003,0.01378736330506405,-0.13225142586239513,-0.15986657366677207,-0.10433897429441596,0.0038987227771735155,0.041025108515004655,0.06507738311550798,0.13594874952079317,0.07451600600827672,-0.10657353797328778,-0.1538848766446163,-0.11828173771262676,-0.0,0.17560612442302853,0.3331242765137358,0.4155743793682707,0.4452667228125954,0.4071089149945938,0.33310163228306483,0.24201496351461257,0.140709146299003,0.04103907327167334,-0.05905672248443151,-0.03277353715427453,0.062297354558089435,0.1157529290479808,0.05410012574897664,-0.09989267144003533,-0.1455430256417347,-0.122239229152816,-0.02955055389727951,0.14127558888134956,0.38542668202083163,0.5849011952457682,0.6511141610969331,0.5875786601597158,0.4269532737572573,0.22318536392579538,0.027548747874410046,-0.08302690756498976,-0.12026968993139577,-0.044013681261459006,0.029355708689050533,0.09189541431609867,0.04999771975536615,-0.0777242099788724,-0.12903971952397084,-0.11744691869981956,-0.0022536785884489465,0.09774796002103366,0.018597063373224046,-0.012072123921900643,-0.05457618979889976,-0.0851124022348943,-0.09377537614354248,-0.06554507889490298,-0.04578716271206509,-0.036015331179446976,-0.034345898083154094,-0.023762179489784614,-0.0030348933744603736,-0.0013858568720537129,-0.008850578582172223,0.12032276278143925,0.43462375855531254,0.691478742379162,0.8369940824906741,0.8079085283498887,0.6521623492247233,0.4169880743443768,0.1495893127965559,-0.064141552870259,-0.07275403558325359,-0.08154899020178788,0.025549227493261956,0.09071417834549508,0.059936847904770316,-0.05738801103851614,-0.12634663960564532,-0.12305598798264512,-0.03700348160585936,0.12767554682507717,0.26120801069360056,0.3157754893649226,0.2824246222073878,0.1969170455843941,0.0871225257784103,0.027989193792089254
