element,0,1,2,3,4,5,6,7,8,9,10,11,12,13,14,15,16,17,18,19,20,21,22,23,24,25,26,27,28,29,30,31,32,33,34,35,36,37,38,39,40,41,42,43,44,45,46,47,48,49,50,51,52,53,54,55,56,57,58,59,60,61,62,63,64,65,66,67,68,69,70,71,72,73,74,75,76,77,78,79,80,81,82,83,84,85,86,87,88,89,90,91,92,93,94
H,-0.0,-2692.308234972542,-1100.582494878516,2860.928975060881,8072.093804032847,6704.799788904114,7254.542024156056,3094.583795207452,-1441.6273451561326,-2661.0081453142266,-1525.501168256798,282.8846505519853,2051.9308254639272,4313.897906492142,2363.500459188007,4371.894608339324,-920.4615057956252,-2393.8487672727383,-1819.0187941548797,-230.77923908269602,3414.0789753070585,6390.655936423762,8687.446427632283,9759.272447644478,9088.131423182896,7428.360706983201,5541.58149966729,3623.1786332927118,1532.2638961005086,-553.6222651017215,275.7316556024282,2199.6495765888685,4310.304015001312,3381.789059729315,-740.2414467913911,-2135.719389824248,-1821.2843978300082,-736.2988261272423,2860.129134015902,6778.850648954124,11129.381576934575,12986.410211007911,12172.1197502643,9439.757497584413,5585.8321205334505,1594.687514214086,-874.3163269417337,-1543.9453657089234,-485.55117957832124,1774.7198050252812,3326.7306985366235,3027.7272929353812,0.2541455035140472,-1596.0358123025217,-1939.0532747344573,-755.6105117597732,1672.2282576880316,2429.5192199892685,277.8215732349815,-164.04448684625686,81.29462022591883,874.5142760513124,2825.142328957108,-2342.73950422208,-484.870877786189,-245.8167348798101,-254.6571331625773,-540.349184494891,-827.8986409547942,-636.9461411426514,3165.294245937259,7759.943276191285,13204.446089072722,15992.966051670557,16805.156300446433,13826.043037830907,9382.554998805383,3969.7720378723466,1104.9491783257008,1816.2346405149096,-624.7793157935296,1384.9813794139602,3192.837867240186,3206.3943592672467,696.1270023026981,-1069.3909305957718,-1483.8996479965601,-695.1852981759773,1516.0833284635573,5417.273186935825,5456.23089126763,341.5083628349421,7166.141490163854,4401.947301035476,487.71234934475444
He,2692.308234972542,-0.0,1591.7275104410455,5553.243904849159,10764.40373075689,9397.10799932848,9946.83701652272,5786.899689178373,1250.682512375151,31.308289954507096,1166.7977237661569,2975.1944360064936,4744.23979480392,7006.208395245427,5055.8102169182675,7064.204584845295,1771.846822397944,298.4610626574108,873.2910786386856,2461.5299860045675,6106.388333211476,9082.995751530772,11379.756606546021,12451.58227402326,11780.441233494983,10120.670307331337,8233.89108067978,6315.488223164942,4224.573533488397,2138.6882151526956,2968.0406193717336,4891.959586957702,7002.612205492249,6074.09884112287,1952.0687036381344,556.5903551763239,871.0218497597585,1956.0109313102757,5552.43882525109,9471.203933687713,13821.690082440791,15678.720021383477,14864.428903101667,12132.06716506156,8278.142055956698,4286.997173640824,1817.9928730473039,1148.3644932377856,2206.7594518536202,4467.029547329693,6019.040424388416,5720.037026990174,2692.563858509849,1096.2738534193845,753.2588239204912,1936.699274299109,4364.536498457796,5121.828952152027,2969.9111351978063,2528.0764383301016,2773.60493524262,3566.8235083247027,5517.451991285155,349.57084065573355,2207.445250917212,2446.4931929542304,2437.6564102064576,2151.960676095485,1864.4111476730188,2055.38094035892,5857.603939971058,10452.252916427396,15896.753340358444,18685.275621192395,19497.46697401111,16518.352697748232,12074.865656230397,6662.081237729135,3797.258994677955,4508.540737847226,2067.530480537039,4077.291131509521,5885.147603211131,5898.70410403104,3388.4367605396224,1622.9191388867291,1208.4101950286463,1997.1024333084229,4208.393219758874,8109.582880576138,8148.540593447919,3033.4946587222125,9858.451191291237,7094.257009947378,3179.8138749208924
Li,1100.582494878516,-1591.7275104410455,-0.0,3961.5154440921524,9172.677701159533,7805.3780816786775,8355.124324517703,4195.168076578019,-341.04499504719666,-1560.4256666847846,-424.9249739045064,1383.466963272801,3152.5120803589957,5414.480796765874,3464.0826804342337,5472.477761320122,180.11958763743664,-1293.2666380923763,-718.4414738296958,869.802522921129,4514.6610299811355,7491.238628753554,9788.02925817467,10859.855126388651,10188.713804149598,8528.943043960993,6642.163807825858,4723.760853268905,2632.845987916083,546.9608147509335,1376.313836078976,3300.2322159064756,5410.885226008191,4482.371397661878,360.51630135316526,-1035.1370901435625,-720.7035504407779,364.28539837805505,3960.7114086931015,7879.432993629204,12229.962898719985,14086.99397860285,13272.701889308975,10540.3398638994,6686.414381600712,2695.2704084613756,226.26530169240297,-443.3630561816552,615.0315941531901,2875.302114552549,4427.313008063891,4128.309602462648,1100.8363254976225,-495.4544848361121,-838.4684839408919,344.9721264102834,2772.81054686593,3530.101526778267,1378.1837391787888,936.3489809702648,1181.8775490244905,1975.0965605567087,3925.7245595598683,-1242.1566812387416,615.7113376605157,854.7655495717677,845.9251875897244,560.2331393369509,272.68366857247344,463.6360901990629,4265.876391599925,8860.525545501245,14305.026234743727,17093.548526497234,17905.740910491877,14926.625276058736,10483.138219875827,5070.353833979287,2205.5314944307256,2916.814324997564,475.80298984122965,2485.563688941228,4293.420176767453,4306.976668794513,1796.709186216935,31.189998651512838,-383.3120137014667,405.3982842068136,2616.6657782444076,6517.855490528243,6556.813203401677,1442.0875151012528,8266.723776441013,5502.529610439084,1588.086401969319
Be,-2860.928975060881,-5553.243904849159,-3961.5154440921524,-0.0,5211.165884493804,3843.867024540967,4393.613071252836,233.65480271501238,-4302.556190129879,-5521.935274313406,-4386.44105921091,-2578.044321538092,-808.9980736489116,1452.9689386643647,-497.42847617304864,1510.966447361093,-3781.390930816853,-5254.777772146145,-4679.953672058213,-3091.7084695592007,553.1499800835085,3529.728025953751,5826.517546032486,6898.3439514241345,6227.202301183684,4567.431694088367,2680.6524041422067,762.2496371564662,-1328.6652557404695,-3414.5506062011923,-2585.197590111273,-661.2778337241173,1449.3749689897775,520.8600081883922,-3601.1709547681517,-4996.64838863154,-4682.214814584738,-3597.228002045372,-0.8000930693554212,3917.960182180603,8268.45341716492,10125.481423295223,9311.190676342972,6578.82834150752,2724.903098185012,-1266.241242768037,-3735.2472399663643,-4404.874741520022,-3346.480046455411,-1086.2091916767047,465.80169787649453,166.79857216046494,-2860.6749807316314,-4456.964915345926,-4799.981989091445,-3616.539584037528,-1188.7007615791856,-431.409776712718,-2583.3274449904707,-3025.162307345466,-2779.633632482381,-1986.4146086441233,-35.787309682485265,-5203.667762403638,-3345.799781615933,-3106.7456092823286,-3115.5818814967156,-3401.278184303388,-3688.8276003364813,-3497.8751623680164,304.36584236783546,4899.013309767117,10343.517098724942,13132.037172179578,13944.227904168587,10965.114521264379,6521.626532929457,1108.842751520722,-1755.9826909000792,-1044.6955061394863,-3485.7087528557227,-1475.9476172880245,331.90893844022366,345.46546909222786,-2164.80212001232,-3930.319922351761,-4344.829386519919,-3556.1364429917858,-1344.8455412861138,2556.3441855329734,2595.3018865056815,-2519.7440590223114,4305.212701381232,1541.0184962438966,-2373.4248780688426
B,-8072.093804032847,-10764.40373075689,-9172.677701159533,-5211.165884493804,-0.0,-1367.2979229330983,-817.5529075540626,-4977.5092313746545,-9513.71827843987,-10733.100203419883,-9597.605591695878,-7789.209143814763,-6020.162939879341,-3758.194961296599,-5708.593235662275,-3700.198208639519,-8992.555519380541,-10465.942716733602,-9891.11247231918,-8302.873178542814,-4658.014776919217,-1681.4367407329441,615.353337571578,1687.1783786361611,1016.0377802751968,-643.7329436336933,-2530.5124434904815,-4448.915069894873,-6539.829968354439,-8625.715367541947,-7796.362224100948,-5872.4427264987,-3761.7897610214536,-4690.304654351427,-8812.335685028736,-10207.813252857115,-9893.381355899672,-8808.3922870811,-5211.964612756212,-1293.1969971002816,3057.2886915437357,4914.318268767154,4100.023781649326,1367.6625074624428,-2486.262864890958,-6477.40565466687,-8946.410464057759,-9616.039903163897,-8557.644904808614,-6297.374326802101,-4745.363004663011,-5044.367022052727,-8071.840714268813,-9668.12966930923,-10011.147044757716,-8827.704152830323,-6399.8655242166515,-5642.574493392179,-7794.495115070146,-8236.32870165306,-7990.800009886844,-7197.580745885789,-5246.952218118797,-10414.83278415907,-8556.964569723232,-8317.910282584446,-8326.747833939586,-8612.442705188936,-8899.992521032553,-8709.027004076052,-4906.799503264674,-312.15057475777496,5132.352324227601,7920.874578831587,8733.062380194977,5753.947029760511,1310.6380653669053,-4102.324103650859,-6967.144537290402,-6255.858894130249,-8696.873477922089,-6687.112887296116,-4879.255894542554,-4865.69940251549,-7375.966885093072,-9141.484678001203,-9555.994280994593,-8767.301081898475,-6556.010283792598,-2654.8205742397095,-2615.862878575072,-7730.912722149076,-905.9532867444798,-3670.1462549250796,-7584.589702409635
C,-6704.799788904114,-9397.10799932848,-7805.3780816786775,-3843.867024540967,1367.2979229330983,-0.0,549.7460463880975,-3610.2120274489234,-8146.418304253299,-9365.803638868987,-8230.30901704371,-6421.911188373364,-4652.864854977187,-2390.897010532987,-4341.29529486727,-2332.90025640949,-7625.257528030941,-9098.644776420702,-8523.823616835443,-6935.575417350635,-3290.716821722486,-314.1388654519624,1982.6511433985877,3054.4762936816796,2383.3356847065857,723.564982023953,-1163.2146690467011,-3081.6170377505337,-5172.531933270657,-7258.417408857895,-6429.064268168117,-4505.144614302413,-2394.4918412399456,-3323.0067154336925,-7445.037736215423,-8840.515298567865,-8526.082825195468,-7441.0946722527715,-3844.667768643734,74.10392599702972,4424.586601385858,6281.616291084037,5467.321919650619,2734.960099803588,-1118.9651246924393,-5110.109834105136,-7579.112508124921,-8248.741521575821,-7190.346891273633,-4930.076398452857,-3378.0651083950866,-3677.0685139963284,-6704.542758106432,-8300.831717564932,-8643.849118627117,-7460.406150639533,-5032.57518958317,-4275.27653837856,-6427.197176811715,-6869.030845497706,-6623.5021775485575,-5830.283052428989,-3879.654389502102,-9047.534875991785,-7189.666621279204,-6950.612436630994,-6959.452845471286,-7245.14489397631,-7532.694453189697,-7341.726087749838,-3539.5013036391983,1055.1461830426344,6499.650284678365,9288.1726340212,10100.360230031203,7121.244596533121,2677.7606321211347,-2735.026237356949,-5599.847090677515,-4888.560980582269,-7329.575521743098,-5319.814931133733,-3511.957939691529,-3498.401447664464,-6008.668930242045,-7774.186814862725,-8188.6963257530815,-7400.003126656959,-5188.712513411046,-1287.5226167541477,-1248.564923724044,-6363.610857437756,461.34457216055915,-2302.8483691000715,-6217.291742223766
N,-7254.542024156056,-9946.83701652272,-8355.124324517703,-4393.613071252836,817.5529075540626,-549.7460463880975,-0.0,-4159.955589045938,-8696.16539068902,-9915.547292313018,-8780.054014014004,-6971.657381288215,-5202.611045618409,-2940.6431969241985,-4891.041472889383,-2882.6464442671186,-8175.003653018237,-9648.39096305729,-9073.560669333121,-7485.3213270763945,-3840.463029433975,-863.8849776133895,1432.9049426141917,2504.730158594344,1833.5895200146372,173.81859627879976,-1712.9607484283613,-3631.363307478781,-5722.278168084743,-7808.163604747257,-6978.810461328052,-5054.890965040671,-2944.2379966490525,-3872.752889979028,-7994.783952756366,-9390.261487490405,-9075.82889588849,-7990.840963311178,-4394.4128500867555,-475.6499079184141,3874.840457203997,5731.86987914243,4917.575557570326,2185.214037336033,-1668.7110797852959,-5659.855917231708,-8128.85870128486,-8798.48814293291,-7740.093142282067,-5479.822592631499,-3927.8112974241926,-4226.814703025433,-7254.288952285071,-8850.577905251936,-9193.595200069754,-8010.152397618418,-5582.313712359122,-4825.022729019781,-6976.943355879238,-7418.776917076917,-7173.248250231645,-6380.028671697569,-4429.4004536651355,-9597.28103332021,-7739.412804818713,-7500.358558753327,-7509.199039340565,-7794.891183262951,-8082.44075820636,-7891.47444697338,-4089.247740305969,505.40114379836837,5949.904089625584,8738.426439928273,9550.614206333046,6571.498814064862,2128.0144583548317,-3284.7723185451946,-6149.5938103204235,-5438.307152250296,-7879.321716464055,-5869.561125312377,-4061.7041287206353,-4048.1476366935667,-6558.4151192711515,-8323.93300217651,-8738.442516321238,-7949.74931722511,-5738.458519879736,-1837.2688132685043,-1798.3111127531492,-6913.357023734953,-88.40160838966214,-2852.5945056345204,-6767.0379260550835
O,-3094.583795207452,-5786.899689178373,-4195.168076578019,-233.65480271501238,4977.5092313746545,3610.2120274489234,4159.955589045938,-0.0,-4536.2097679618155,-5755.580077998253,-4620.100511077843,-2811.6991222403267,-1042.6528521159976,1219.314895454265,-731.0833207655306,1277.3117739121647,-4015.0454271825765,-5488.432555203634,-4913.610322201159,-3325.363203445668,319.49516771862,3296.0725886364817,5592.862607686252,6664.688718021793,5993.547706718893,4333.7769794653,2446.997810551033,528.5949881276716,-1562.3198482554672,-3648.2053342885392,-2818.8522081751357,-894.9326121912036,1215.7199995190986,287.2050714979742,-3834.8257123934536,-5230.303168222205,-4915.8696960303805,-3830.882770136408,-234.45401185403003,3684.2669484890944,8034.798646332508,9891.826424073955,9077.53407913632,6345.1738381599735,2491.2486278853617,-1499.897485392105,-3968.9007965648125,-4638.529493087575,-3580.134874743575,-1319.8639701437894,232.17066539356455,-66.85705214370077,-3094.3297591987184,-4690.619691903301,-5033.636803583229,-3850.194183551009,-1422.3555352416115,-665.064555179804,-2816.9850360968703,-3258.817087010391,-3013.2889233169444,-2220.0694459582223,-269.3144530841954,-5437.322846076791,-3579.454562635012,-3340.400367102098,-3349.2408355798134,-3634.918353286719,-3922.4823729455275,-3731.5325070540557,70.71081229879405,4665.356167742428,10109.862325207065,12898.38217456213,13710.573011597462,10731.46003922516,6287.97222224973,875.1876404407728,-1989.6350869073322,-1278.3490676196539,-3719.363510481028,-1709.6023957551138,98.24801179105023,111.80976319557038,-2398.4568984794073,-4163.974785189277,-4578.484395370527,-3789.7912214588728,-1578.50031635132,2322.6894063289988,2361.6471080385945,-2753.3988468047946,4071.5565459823865,1307.3636151279109,-2607.0796650126026
F,1441.6273451561326,-1250.682512375151,341.04499504719666,4302.556190129879,9513.71827843987,8146.418304253299,8696.16539068902,4536.2097679618155,-0.0,-1219.3816937664003,-83.88902225036112,1724.5119724621584,3493.5582312270676,5755.5254318689185,3805.1278859187423,5813.5220489926,521.1658181556262,-952.2214431703264,-377.3915192606589,1210.8477154052198,4855.706303001928,7832.2832086181825,10129.07372451468,11200.900074505724,10529.758838427424,8869.988124688654,6983.208826807792,5064.8060111196455,2973.891050256699,888.0051076285924,1717.358971153201,3641.278485749967,5751.9313172835455,4823.416374216912,701.3857668589322,-694.0920921915803,-379.6638432978135,705.3289689098067,4301.756425852097,8220.478058729848,12571.009711514856,14428.037598649473,13613.746819632106,10881.384785273845,7027.459437576232,3036.3150934483224,567.4363998866908,-102.3181948106093,956.076587361547,3216.3471077609065,4768.3580012722505,4469.354595671004,1441.8813187059784,-154.37340761208475,-497.42518190869765,686.0168219848774,3113.8555444416374,3871.146555971276,1719.2287163274748,1277.3939754278822,1522.9225001168825,2316.14156414088,4266.7696397601685,-901.1116994839549,956.7564795560971,1195.8105967398697,1186.9720170180763,901.2780771546231,613.7286617808297,804.6810821610358,4606.921582193027,9201.570563628404,14646.073478633496,17434.593137395044,18246.78420330738,15267.670707604477,10824.183753220912,5411.398866506777,2546.5735433175273,3257.861914185141,816.8479869420948,2826.608682149585,4634.465169975809,4648.021662002873,2137.754179425291,372.2363134455133,-42.271670536113696,746.4192814517168,2957.710758810291,6858.900485629377,6897.858193857406,1782.8122111252899,8607.768902160726,5843.574589083756,1929.131368252423
Ne,2661.0081453142266,-31.308289954507096,1560.4256666847846,5521.935274313406,10733.100203419883,9365.803638868987,9915.547292313018,5755.580077998253,1219.3816937664003,-0.0,1135.4960050465836,2943.892632331474,4712.9379293488655,6974.906611530371,5024.508431805046,7032.902825852107,1740.5452284898872,267.15935078863737,841.9893780882293,2430.2285159543085,6075.089503872289,9051.66327569044,11348.45484108193,12420.280513244847,11749.139266402883,10089.368740398455,8202.589455403144,6284.186649802716,4193.27177173104,2107.3864268228867,2936.7389865372206,4860.657847772603,6971.31051999233,6042.797055104967,1920.7662581254285,525.2886584256711,839.7179483760076,1924.7093258764728,5521.137046591137,9439.85862201436,13790.388410102367,15647.4183151295,14833.127394381174,12100.76538203977,8246.840326109863,4255.696029521103,1786.6917454705201,1117.0627814483923,2175.4574682634675,4435.727763709131,5987.738640767852,5688.735243369613,2661.2620743586303,1064.9721705395843,721.9571623083142,1905.3974989441385,4333.236184780226,5090.527168532143,2938.609352419431,2496.7746535324513,2742.3031579747876,3535.5221670659016,5486.150208756541,318.26912413132635,2176.1372507786964,2415.1914765688352,2406.352654102886,2120.658775720086,1833.1093623226977,2024.0806612602953,5826.302183386629,10420.945023412647,15865.451639287689,18653.97391968112,19466.165209826064,16487.051099287735,12043.563873788424,6630.779487604048,3765.9568026447614,4477.239050992834,2036.2286963858191,4045.989347888959,5853.845819590567,5867.402320410473,3357.134976388404,1591.617424760946,1177.108386379641,1965.8006479581034,4177.091422986724,8078.2810931188815,8117.238799740301,3002.1927650282796,9827.149362140184,7062.955226715098,3148.512087889795
Na,1525.501168256798,-1166.7977237661569,424.9249739045064,4386.44105921091,9597.605591695878,8230.30901704371,8780.054014014004,4620.100511077843,83.88902225036112,-1135.4960050465836,-0.0,1808.3963473674335,3577.442916078593,5839.410710520524,3889.0124231116656,5897.407488903388,605.0506209439757,-868.3366453704042,-293.5066454230442,1294.7323614635845,4939.590904488639,7916.1690263485425,10212.95911087295,11284.784769392409,10613.643618717888,8953.87275181941,7067.093634170106,5148.690735660056,3057.77592879314,971.8906441521143,1801.2435696869331,3725.1631395658637,5835.81582279061,4907.299678211853,785.270611152473,-610.2072803550496,-295.77382852556764,789.2136633830863,4385.6409800376,8304.362294193506,12654.893119825316,14511.923955209031,13697.631686179604,10965.269654774549,7111.344180538994,3120.1995603718574,651.1948587397166,-18.435241643331516,1039.9614728412641,3300.2315821781826,4852.242834482078,4553.239428880833,1525.7661519158085,-70.52474159374384,-413.5388954351797,769.9016223458856,3197.7403943385348,3955.0298978252063,1803.1134943927516,1361.278794491066,1606.807303478687,2400.0263717323387,4350.654262766226,-817.226853540292,1040.6412248012975,1279.6955354993825,1270.8550197541217,985.1629574582379,697.6134949906589,888.5659249194783,4690.806003084934,9285.455399827215,14729.956432852294,17518.480221441558,18330.6714928591,15351.55507990128,10908.06809642037,5495.283649653625,2630.4612693298263,3341.746672296149,900.732820151925,2910.4935153594147,4718.350003185637,4731.906495212697,2221.6390126351207,456.1211943910082,41.613175641642684,830.3046896556531,3041.5955805993863,6942.78530403928,6981.740885171646,1866.6970100955025,8691.653550266126,5927.459428682375,2013.0161818397828
Mg,-282.8846505519853,-2975.1944360064936,-1383.466963272801,2578.044321538092,7789.209143814763,6421.911188373364,6971.657381288215,2811.6991222403267,-1724.5119724621584,-2943.892632331474,-1808.3963473674335,-0.0,1769.0460921824406,4031.0139509888095,2080.6312647393715,4089.017160879506,-1203.3464911362037,-2676.733433816436,-2101.903397568143,-513.6642706599482,3131.194362918901,6107.772198362917,8404.562366062797,9476.394154050655,8805.246799697603,7145.476095083905,5258.6969787440785,3340.2941192231556,1249.3792616029314,-836.5062060987241,-7.1531180226948985,1916.7662816381007,4027.4191713639425,3098.9042344237346,-1023.1265961160149,-2418.604083307657,-2104.1704403073186,-1019.1832589419771,2577.244311970561,6495.965846152573,10846.496774486006,12703.52718787111,11889.23469702256,9156.87306344186,5302.9475158738705,1311.8034128180038,-1157.100422812706,-1826.8303844824432,-768.4353691196098,1491.8355802366343,3043.8460447910916,2744.8426391898483,-282.6306377751778,-1878.9205771202667,-2221.9379107641976,-1038.4820080749064,1389.3370863654877,2146.6335035239063,-5.2838150626256315,-447.1179549815986,-201.58943229887873,591.6296510689938,2542.257570839615,-2625.618610872603,-767.7555066123335,-528.7006953232699,-537.5406552293626,-823.2338019238748,-1110.7833548051365,-919.8308233791981,2882.409479792769,7477.058421611859,12921.559454047881,15710.082826133796,16522.27463075666,13543.158409290134,9099.670982342539,3686.8868646605347,822.0635453623355,1533.3498459194307,-907.6639695390616,1102.096725668428,2909.9532134946526,2923.509705521715,413.24222294413545,-1352.275595957486,-1766.7822707698679,-978.0920350800175,1233.1989575110085,5134.388680337853,5173.3441220034265,58.29833502598168,6883.256825687995,4119.062722644752,204.7955809647773
Al,-2051.9308254639272,-4744.23979480392,-3152.5120803589957,808.9980736489116,6020.162939879341,4652.864854977187,5202.611045618409,1042.6528521159976,-3493.5582312270676,-4712.9379293488655,-3577.442916078593,-1769.0460921824406,-0.0,2261.9677918112125,311.5697154042379,2319.9646497873823,-2972.3928638313437,-4445.755059226766,-3870.949514430703,-2282.7103720969794,1362.1481798212817,4338.7261533729115,6635.516199910341,7707.341832473179,7036.200631386756,5376.429922693856,3489.6507642183615,1571.2478561213172,-519.6670522573914,-2605.5524207094486,-1776.1992684642655,147.72023686070648,2258.372686148325,1329.8581396399627,-2792.1727799135624,-4187.6503504643015,-3873.2164513519683,-2788.2294475101644,808.1983879469263,4726.910662084207,9077.450402534838,10934.48021343342,10120.1885432454,7387.826716721438,3533.901319584658,-457.2429695327928,-2926.247751763989,-3595.8765710501284,-2537.4819627579272,-277.2111180277933,1274.7997754835499,975.7963698823066,-2051.6769070827195,-3647.9668562780016,-3990.983852270354,-2807.540080794551,-379.7378453039632,377.5882969361934,-1774.329375381441,-2216.1642742017843,-1970.635564296016,-1177.4166000497198,773.2961334116987,-4394.669176973932,-2536.801603586118,-2297.754908838628,-2306.587908074902,-2592.279970231785,-2879.829454373491,-2688.8769088795534,1113.3634791872441,5708.0013991485,11152.514748313115,13941.03592189071,14753.227345970192,11774.112215280275,7330.624834898131,1917.8416187696735,-946.9818425139277,-235.69915636214162,-2676.710541259386,-666.9495436391148,1140.9069441871097,1154.4634362141721,-1355.8040463634084,-3121.3218596559273,-3535.8309600861503,-2747.138369342875,-535.8465475279121,3365.342663212854,3404.2999877316765,-1710.7459135072772,5114.21070505925,2350.016522140015,-1564.4268359994387
Si,-4313.897906492142,-7006.208395245427,-5414.480796765874,-1452.9689386643647,3758.194961296599,2390.897010532987,2940.6431969241985,-1219.314895454265,-5755.5254318689185,-6974.906611530371,-5839.410710520524,-4031.0139509888095,-2261.9677918112125,-0.0,-1950.3980609622683,57.99680411234243,-5234.360093146618,-6707.7181701820855,-6132.959511896441,-4544.67807007396,-899.8197359023005,2076.7583671726848,4373.548406873943,5445.374039428505,4774.232782320443,3114.462057017399,1227.6829066660048,-690.7200558629148,-2781.634735702559,-4867.520240701316,-4038.167137207912,-2114.247662630758,-3.5948680151961447,-932.1097180046164,-5054.140634464635,-6449.618275555729,-6135.184168112024,-5050.197183017345,-1453.7695097496585,2464.951952512437,6815.483592010375,8672.51208383099,7858.220925489476,5125.858907214695,1271.9338789131868,-2719.211142832811,-5188.216251616075,-5857.844735568725,-4799.44980824517,-2539.178975672374,-987.1680821610289,-1286.171487762271,-4313.644764727302,-5909.9347047589745,-6252.95169449359,-5069.504850636349,-2641.7019332597456,-1884.3795357708618,-4036.2972027925794,-4478.132585026157,-4232.60373267061,-3439.3847726396034,-1488.7567796440078,-6656.636974754776,-4798.7694189015565,-4559.715732301147,-4568.5556146648505,-4854.247802338739,-5141.797241663731,-4950.844822948458,-1148.6039892276603,3446.034114580001,8890.547234993037,11679.067791602076,12491.25837826949,9512.144411288395,5068.656678862048,-343.97579528496254,-3208.9517073080565,-2497.6650594229523,-4938.678422157642,-2928.9174012836943,-1121.0609134574695,-1107.504421430407,-3617.771904007987,-5383.289709709907,-5797.79914960407,-5009.106226987453,-2797.8153386294725,1103.374593182519,1142.3321025100129,-3972.7138217913907,2852.2430392472043,88.04762449355614,-3826.3946927037327
P,-2363.500459188007,-5055.8102169182675,-3464.0826804342337,497.42847617304864,5708.593235662275,4341.29529486727,4891.041472889383,731.0833207655306,-3805.1278859187423,-5024.508431805046,-3889.0124231116656,-2080.6312647393715,-311.5697154042379,1950.3980609622683,-0.0,2008.3911169160608,-3283.962248988887,-4757.349410752271,-4182.51900040808,-2594.2801098701952,1050.5784654194172,4027.1280394310556,6323.945962536929,7395.772265764503,6724.6307847386215,5064.860165770377,3178.081079908856,1259.6781673094565,-831.236553882749,-2917.120458390158,-2087.7689904135573,-163.84946776776326,1946.8034037615644,1018.2884237049076,-3103.7424786777756,-4499.220053365404,-4184.786328520606,-3099.799197824793,496.62807883654506,4415.350098241954,8765.881775685795,10622.909960340436,9808.618880643346,7076.2571642420735,3222.3316703310256,-768.8129628385981,-3237.8174626432824,-3907.4462622039346,-2849.051641027897,-588.7808339628486,963.2300595484942,664.2266539472517,-2363.2466230177733,-3959.53656288315,-4302.553582707877,-3119.107820770935,-691.2723943936212,66.01850393884186,-2085.8991314110335,-2527.734003286929,-2282.2054070481554,-1488.9862538874168,461.64175114716886,-4706.239575813253,-2848.37138024436,-2609.317163475064,-2618.1576103875836,-2903.84936106381,-3191.3992964838267,-3000.472401005953,801.7937352715016,5396.442618095688,10840.945453662825,13629.46567060335,14441.65659223441,11462.541800826228,7019.055117937755,1606.2719240023941,-1258.551421940596,-547.2669109539322,-2988.280276765349,-978.5192595741694,829.3372282520545,842.8937202791169,-1667.3737622984625,-3432.8916510588915,-3847.355263717239,-3058.7080852779313,-847.4162056063153,3053.7725373596795,3092.7302442195373,-2022.3157162251784,4802.641148503603,2038.4467992411126,-1875.996532555504
S,-4371.894608339324,-7064.204584845295,-5472.477761320122,-1510.966447361093,3700.198208639519,2332.90025640949,2882.6464442671186,-1277.3117739121647,-5813.5220489926,-7032.902825852107,-5897.407488903388,-4089.017160879506,-2319.9646497873823,-57.99680411234243,-2008.3911169160608,-0.0,-5292.356745113241,-6765.706689708963,-6190.9140524544355,-4602.674814416483,-957.8164975015916,2018.7615519811095,4315.551574396584,5387.377859580999,4716.236030723163,3056.465277541048,1169.6861541546564,-748.7167593727637,-2839.631486254639,-4925.516598238757,-4096.163932019904,-2172.2443679108173,-61.59154880806238,-990.1066164405621,-5112.137419870596,-6507.6150252557145,-6193.181015848824,-5108.193856101089,-1511.766396146546,2406.9551330994573,6757.486887053567,8614.515527760062,7800.224115190118,5067.862121074504,1213.9371467417982,-2777.2079571716167,-5246.212969905577,-5915.841236837227,-4857.446582283296,-2597.1760764237215,-1045.1648311782683,-1344.1682367795127,-4371.641513744537,-5967.931454702153,-6310.948435804134,-5127.498787005044,-2699.6902607722536,-1942.3764281394974,-4094.293933060108,-4536.1288386719425,-4290.6002123920925,-3497.38116910807,-1546.6555659976977,-6714.634018001731,-4856.766278114028,-4617.711939483406,-4626.552398691765,-4912.244541805393,-5199.794218793032,-5008.841560334861,-1206.6010785927363,3388.047725507329,8832.550670011502,11621.071277675554,12433.2629167554,9454.147625790212,5010.659868327916,-401.9644831119956,-3266.948425658621,-2555.661955650109,-4996.675124448768,-2986.914150300934,-1179.0576624747096,-1165.501170447647,-3675.7686530252263,-5441.286459984292,-5855.795190630877,-5067.102976004691,-2855.812218877,1045.3778980815266,1084.3353534927737,-4030.7105645267125,2794.2462629295223,30.050752550779375,-3884.3914184637106
Cl,920.4615057956252,-1771.846822397944,-180.11958763743664,3781.390930816853,8992.555519380541,7625.257528030941,8175.003653018237,4015.0454271825765,-521.1658181556262,-1740.5452284898872,-605.0506209439757,1203.3464911362037,2972.3928638313437,5234.360093146618,3283.962248988887,5292.356745113241,-0.0,-1473.387177256399,-898.556854328951,689.6818055031686,4334.540746534531,7311.118866292815,9607.908468754027,10679.733959804353,10008.592956283206,8348.822323619484,6462.0433261766375,4543.6404166632965,2452.725535825322,366.8400222033044,1196.1933407055806,3120.1127121454683,5230.76535257737,4302.264363686198,180.2199734892297,-1215.2579383751277,-900.8927070878517,184.16333699444303,3780.5908819596607,7699.312199053807,12049.842730567829,13906.872326025448,13092.581067324152,10360.219185397926,6506.294017418806,2515.149406076651,46.19313178479913,-623.4838599132986,434.910790421547,2695.1813108209035,4247.192239164759,3948.188798731005,920.7155217659788,-675.5750524682372,-1018.5914294040625,164.85165534430212,2592.690212094651,3349.9807250637396,1198.0629330421646,756.2282092794186,1001.7567729234765,1794.9758253225173,3745.6555392136693,-1422.2775130910277,435.5907861625184,674.6043385078252,665.8046474094249,380.05128112819995,92.53678174172576,283.5154810321883,4085.755889494009,8680.40471058319,14124.90630756133,16913.463925230095,17725.62009780826,14746.505253399815,10303.017609801065,4890.233466939817,2025.410408270696,2736.6937306914783,295.68219000209564,2305.4428852095853,4113.2993730358085,4126.855865062871,1616.5883824852915,-148.88776729454372,-563.4455707709034,225.26354359159646,2436.5452570381126,6337.734893468002,6376.692552456314,1261.8834875824239,8086.603118966065,5322.4088435429785,1407.9656627577338
Ar,2393.8487672727383,-298.4610626574108,1293.2666380923763,5254.777772146145,10465.942716733602,9098.644776420702,9648.39096305729,5488.432555203634,952.2214431703264,-267.15935078863737,868.3366453704042,2676.733433816436,4445.755059226766,6707.7181701820855,4757.349410752271,6765.706689708963,1473.387177256399,-0.0,574.7554310606868,2163.0692882970893,5807.928228221711,8784.505844133257,11081.254544454978,12153.08318241873,11481.979959856046,9822.209584176688,7935.430444339255,6017.027546204932,3926.112691258849,1840.2272767991547,2669.5803354214863,4593.4926822954185,6704.1527062999885,5775.637535375253,1653.605547705934,258.1293207965682,572.5032770490119,1657.5502073926148,5253.978146084027,9172.699773527216,13523.231066247765,15380.260185406632,14565.96822696511,11833.606363559413,7979.681346106165,3988.536820190604,1519.5891109222368,849.97833800211,1908.296421954957,4168.56862455845,5720.579519958753,5421.576132760543,2394.102912258901,797.8128074189458,454.7967723004273,1638.2385356865982,4066.0774397127766,4823.367466853197,2671.450095586912,2229.615464433362,2475.1439857361847,3268.3630346412733,5218.990933200182,51.10617399340486,1908.9779750949497,2148.001352414309,2139.192478177871,1853.4997485147103,1565.950152716401,1756.9027535479697,5559.14321672965,10153.792029191813,15598.293598104628,18386.81680357143,19199.007240831357,16219.891975189721,11776.404444009982,6363.620618375931,3498.7978482028702,4210.083310332773,1769.0695429450286,3778.8301717064096,5586.686723502349,5600.24324836104,3089.9758405133293,1324.4580499111346,909.9480166585878,1698.6415185019264,3909.932476671964,7811.122190208244,7850.078613639738,2735.033694051825,9559.990141255565,6795.796087500809,2881.3529125469813
K,1819.0187941548797,-873.2910786386856,718.4414738296958,4679.953672058213,9891.11247231918,8523.823616835443,9073.560669333121,4913.610322201159,377.3915192606589,-841.9893780882293,293.5066454230442,2101.903397568143,3870.949514430703,6132.959511896441,4182.51900040808,6190.9140524544355,898.556854328951,-574.7554310606868,-0.0,1588.2389555816997,5233.097636011749,8209.675607607038,10506.465587880535,11578.291355847698,10907.149684031705,9247.411306502672,7360.632178464904,5442.1975039389645,3351.3169994259238,1265.3970108859933,2094.750154836677,4018.669660200978,6129.322621582829,5200.807575773545,1078.9466909053772,-316.56203269943705,-2.2670177281216843,1082.7201712228684,4679.147718380974,8597.86936572887,12948.400980535538,14805.430303664842,13991.138019030841,11258.77614923368,7404.850662907471,3413.706786960199,944.701533577852,275.0723021953404,1333.6324534290811,3593.738597631643,5145.746036088238,4846.746780628444,1819.2728191989804,222.98378973665626,-120.0322772977922,1063.4082627350788,3491.258818163525,4248.537914985206,2096.8356459494257,1654.7853707159263,1900.3138665085112,2693.533012311456,4644.160716045795,-523.7203578633214,1334.1479642837735,1573.201894269482,1564.361539351653,1278.6694864366557,991.1198791107755,1182.072459063207,4984.312661768418,9578.98358013747,15023.464489829368,17811.986850674162,18624.177416776503,15645.061579254861,11201.574754944862,5788.789638538971,2923.9679599206597,3635.2529893569567,1194.2394334876465,3203.9996292372934,5011.856670468811,5025.413162495874,2515.1456799182924,749.6278461946175,335.12748475154643,1123.8113569388256,3335.102237587084,7236.291660829322,7275.249336046219,2160.2036568763706,8985.159926716316,6220.96595498535,2306.5229017213087
Ca,230.77923908269602,-2461.5299860045675,-869.802522921129,3091.7084695592007,8302.873178542814,6935.575417350635,7485.3213270763945,3325.363203445668,-1210.8477154052198,-2430.2285159543085,-1294.7323614635845,513.6642706599482,2282.7103720969794,4544.67807007396,2594.2801098701952,4602.674814416483,-689.6818055031686,-2163.0692882970893,-1588.2389555816997,-0.0,3644.858617381063,6621.436546480433,8918.22650116783,9990.052349043443,9318.911004997339,7659.140220752344,5772.360925068375,3853.958147411618,1763.04337533246,-322.8423954852811,506.51071616914743,2430.4305790588664,4541.0832795959095,3612.568466897363,-509.462223604878,-1904.940000021865,-1590.5064287329283,-505.5191051388646,3090.908618178801,7009.629111458581,11360.16061566751,13217.19128120543,12402.898802978812,9670.5394821425,5816.611743489706,1825.4674499334833,-643.5371174365971,-1313.1660891835202,-254.76978572224155,2005.4959782371723,3557.5101939262618,3258.506763986621,231.07940941125776,-1365.2558005998858,-1708.273520926791,-524.8307798864289,1903.0077318804767,2660.2987373902083,508.4080239736824,66.5611075418841,312.07623128951695,1105.2937411282066,3055.921442327625,-2111.959478763636,-254.09126294847948,-15.037163569213073,-23.878103946802977,-309.56976975548304,-597.1191592094083,-406.1665776059581,3396.073783423546,7990.721551763127,13435.223620826104,16223.747608600152,17035.937810455398,14056.82244072919,9613.335964672578,4200.552039744577,1335.7286796514543,2047.0139016577502,-393.9980642596427,1615.7608553064283,3423.6173343682262,3437.3236801360563,926.9087600809917,-838.4588435650106,-1253.1209911772964,-464.42791379135105,1746.8629810800742,5648.0526804029,5687.008597122759,572.0229631378038,7396.920718154778,4632.7268158759025,718.2859042417683
Sc,-3414.0789753070585,-6106.388333211476,-4514.6610299811355,-553.1499800835085,4658.014776919217,3290.716821722486,3840.463029433975,-319.49516771862,-4855.706303001928,-6075.089503872289,-4939.590904488639,-3131.194362918901,-1362.1481798212817,899.8197359023005,-1050.5784654194172,957.8164975015916,-4334.540746534531,-5807.928228221711,-5233.097636011749,-3644.858617381063,-0.0,2976.5780320909926,5273.3664714727365,6345.192929308906,5674.052402526859,4014.2816945049503,2127.5026714005257,209.09933903186806,-1881.8151359819917,-3967.700486976491,-3138.347466766296,-1214.428003714659,896.2249022269697,-32.29020941510863,-4154.322401077587,-5549.798630693519,-5235.364569652933,-4150.377673556603,-553.9497832191726,3364.7717578317875,7715.303433953079,9572.33281461566,8758.040582153653,6025.678524797814,2171.753357417498,-1819.3912857005437,-4288.395462264454,-4958.024483761531,-3899.631565674212,-1639.359323390011,-87.34840026998104,-386.3516831288705,-3413.8251124449375,-5010.114220872209,-5353.1322227419705,-4169.689500837291,-1741.8506867092203,-984.5599053979679,-3136.47756371397,-3578.312440790947,-3332.783745258443,-2539.5647257932337,-588.9369000747848,-5756.817826025238,-3898.950587320415,-3659.8956186648666,-3668.7356347916043,-3954.428207614572,-4241.978257428414,-4051.0250148233536,-248.78392119609535,4345.864287075671,9790.36606631797,12578.888727248337,13391.079615128796,10411.964337110248,5968.476963585841,555.6929541958262,-2309.1303492016846,-1597.4274491112042,-4038.8587777975645,-2029.097749001334,-221.24106330104587,-207.68446749817969,-2717.9516380352006,-4483.470132900522,-4897.979071630579,-4109.2865747050955,-1897.995243950396,2003.1941015243524,2042.150227874579,-3072.8940405966987,3752.0623936402258,987.8683537490509,-2926.575018850487
Ti,-6390.655936423762,-9082.995751530772,-7491.238628753554,-3529.728025953751,1681.4367407329441,314.1388654519624,863.8849776133895,-3296.0725886364817,-7832.2832086181825,-9051.66327569044,-7916.1690263485425,-6107.772198362917,-4338.7261533729115,-2076.7583671726848,-4027.1280394310556,-2018.7615519811095,-7311.118866292815,-8784.505844133257,-8209.675607607038,-6621.436546480433,-2976.5780320909926,-0.0,2296.7900993446974,3368.6158157365903,2697.4745462814158,1037.7105855329773,-849.0681916912297,-2767.470837321685,-4858.385064939866,-6944.278169830575,-6114.925075532295,-4191.006340814045,-2080.3537221731713,-3008.8684140582236,-7130.899436857759,-8526.376527619015,-8211.951006536936,-7126.955487847392,-3530.5276101531076,388.1936722441566,4738.725429456604,6595.754755052628,5781.462449383214,3049.100295698236,-804.726578054893,-4795.9695867536575,-7264.974185135155,-7934.604115471144,-6876.208584180081,-4615.93764307209,-3063.926754345343,-3362.9297245875064,-6390.403831705442,-7986.692940621566,-8329.70988330203,-7146.26739539279,-4718.4286854216125,-3961.138203120351,-6113.05536849841,-6554.8899944390305,-6309.361472936052,-5516.142646603072,-3565.5146696383304,-8733.395251805807,-6875.527817354029,-6636.473498493668,-6645.314212315317,-6931.006101238857,-7218.5553401957395,-7027.601507444918,-3225.3629351269965,1369.2862222104688,6813.789102830198,9602.309536421319,10414.501520374219,7435.38573739364,2991.8993864233184,-2420.8850022208026,-5285.708842646333,-4574.425859950422,-7015.4367872793255,-5005.676107957793,-3197.819150282702,-3184.262658255642,-5694.530140833221,-7460.047947375745,-7874.557413339832,-7085.8643897192305,-4874.574351663804,-973.3838564701811,-934.426338178394,-6049.472031968698,775.7821133243383,-1988.7093633686354,-5903.152916952432
