element,0,1,2,3,4,5,6,7,8,9,10,11,12,13,14,15,16,17,18,19,20,21,22,23,24,25,26,27,28,29,30,31,32,33,34,35,36,37,38,39,40,41,42,43,44,45,46,47,48,49,50,51,52,53,54,55,56,57,58,59,60,61,62,63,64,65,66,67,68,69,70,71,72,73,74,75,76,77,78,79,80,81,82,83,84,85,86,87,88,89,90,91,92,93,94
H,0.0,-7.898525544105298,-7.004503056655032,7.959251143267888,8.996292058803894,8.810728071063656,8.88952087295573,8.037731792600153,-7.27422127535653,-7.886836058797944,-7.3307335774919,5.64856799562766,7.627023722083963,8.369828943096753,7.768322056284803,8.383180450582667,-6.8259610028196835,-7.781075362662438,-7.506602106476248,-5.445785362971768,8.135955897742484,8.762748658779564,9.069749425249565,9.186075593735202,9.114834629600864,8.913195091881194,8.620215645878034,8.195382957695509,7.335154007631831,-6.318287278610462,5.623048284305716,7.696507857850985,8.36899569302181,8.126455813815488,-6.608326411346733,-7.667026936366938,-7.507846156654341,-6.6029932728707,7.958971628003517,8.821710352513959,9.31743372732384,9.47173572189045,9.406985500727865,9.152791499308398,8.6281677007767,7.3750599657408396,-6.774585337531106,-7.342743826705899,-6.187342095637315,7.481961143664804,8.110045878756036,8.015897774929005,0.22645446698999838,-7.375904572699037,-7.57047071288365,-6.628848605520039,7.422510127835687,7.795860184287721,5.630572054784389,-5.1062150548104235,4.410305737696135,6.7748114577623655,7.946667926079963,-7.759503011510114,-6.185942905032849,-5.508646097187071,-5.543837223200423,-6.294064513327198,-6.720097881019341,-6.458253861509661,8.060317175458202,8.956859162000123,9.488384605991213,9.67996680832303,9.729500544721391,9.534381593977315,9.146713967939213,8.286715822752711,7.008459230145585,7.505071196280552,-6.438997778265287,7.234163744893339,8.068978565820975,8.073214160411082,6.546967606934674,-6.975779216426794,-7.303102471846671,-6.545615857912162,7.324544907611574,8.597532443473524,8.604696777316917,5.836296074440516,8.877262177694384,8.390029436807332,6.191774073743521
He,7.898525544105298,0.0,7.373203240941516,8.622317582071599,9.284092913113495,9.148263671332046,9.205110421246937,8.663524756775066,7.132243935137197,3.4753238522366665,7.062874966683432,7.998400728498367,8.464897246079845,8.854694668936617,8.528491171587598,8.862937252214625,7.480341907755372,5.701984401282088,6.7734133621300785,7.808944550029796,8.71725451941362,9.114269435538283,9.339679191106983,9.42968329195418,9.374280795519478,9.222433979353736,9.016135416134444,8.750918671812554,8.348910278149624,7.668415403547636,7.995994155832765,8.495552631896278,8.854181324296125,8.711953538220074,7.577157108772079,6.32362456226717,6.770814480659,7.579173553129212,8.622172623015953,9.156116887053305,9.534066729786248,9.660123437965867,9.606793588235035,9.403689827770629,9.021494625580402,8.36357504361815,7.506038260449591,7.046964454033746,7.6997334575552925,8.404702773266978,8.702849253295009,8.651905366366126,7.898620450215213,7.000584067606949,6.625735576904105,7.5692566071898275,8.381496369875126,8.541462095162405,7.996623964277409,7.835609470938436,7.928263650367245,8.179711027320826,8.615852663580126,5.859562799193002,7.700044040562767,7.802819593176785,7.799202515068271,7.674599232495046,7.531236762297754,7.628702891688154,8.675666618688654,9.254668492822836,9.673933078876104,9.835544609388204,9.878091124744003,9.712287863362276,9.39896416590814,8.804337304853382,8.242298081432164,8.413950595348577,7.634593721367972,8.313433339343808,8.680357005477148,8.682657476777019,8.128419039237054,7.392597728156089,7.097888077627169,7.599953225816478,8.345073787965635,9.000925016361098,9.005716835744026,8.017800185090545,9.19618578593515,8.86718181303213,8.064892378538032
Li,7.004503056655032,-7.373203240941516,0.0,8.284634315740629,9.124093542771892,8.962696381320221,9.030750001038452,8.34192702509575,-5.834942292874247,-7.353354571801875,-6.05426321316379,7.233070480479299,8.05627205687455,8.597016945293301,8.150491772936501,8.607669481563876,5.199157518275459,-7.16569951109237,-6.578475180183189,6.769415226601406,8.415306862660826,8.921622914198434,9.189017574139859,9.292920331307789,9.2291340398704,9.051337963319352,8.801343606073528,8.460572225582176,7.876200409794989,6.306203778462391,7.227890385671837,8.102051076518142,8.596352781750241,8.408130586510639,5.890307134228508,-6.943254740458464,-6.581614459618264,5.900678961412028,8.284431384800678,8.972138129772418,9.411725958102007,9.553078222762752,9.49354005521268,9.263059935828148,8.807982588371011,7.899624766876899,5.426118064970735,-6.09664192240536,6.4232982514279975,7.964260760108524,8.395773979691535,8.325865505507272,7.004733453725151,-6.20749180725109,-6.732768934348802,5.846358212304781,7.927977302531659,8.169365148496695,7.229247109801344,6.843055657903617,7.075705349765938,7.588878743792372,8.275560911949972,-7.125409134442865,6.424401066230136,6.751996447939651,6.741612364410704,6.3301363973347495,5.611972945185155,6.141254497472317,8.3586373143128,9.089474212242408,9.568436142494672,9.746514892043304,9.79293250811601,9.610968820685965,9.257618748243821,8.531363089337773,7.699177102086425,7.978590096145781,6.167103386371642,7.818656991718268,8.365071825716605,8.368223622475753,7.4942684590225905,3.471655803419223,-5.95145475834022,6.007333674323307,7.870038275311982,8.782454101249515,8.788412473223637,7.27454020496067,9.020114511491883,8.613144912741348,7.370914540117804
Be,-7.959251143267888,-8.622317582071599,-8.284634315740629,0.0,8.558750765154564,8.254494297347158,8.388134767848411,5.458115509599741,-8.36719698084869,-8.61666475053384,-8.386501433885805,-7.8551741912854744,-6.697031869452436,7.282052295186025,-6.21146010101976,7.321166365594508,-8.23811161003642,-8.567083278476476,-8.451257144232981,-8.036802513331448,6.317435372281047,8.169259368309826,8.670346381807565,8.83918160656126,8.73684301495423,8.426925250830429,7.894188452214289,6.6375851562221015,-7.192682502124026,-8.136093990692556,-7.857943964035191,-6.495685156297474,7.279577401286878,6.257399368367859,-8.189291985677999,-8.516722758506333,-8.451740079279205,-8.188196781609292,-0.5878383687629075,8.27358163794914,9.020323693592305,9.22290919468385,9.139079646172982,8.791763936062278,7.910555064370445,-7.144597566906832,-8.225836974880274,-8.39069409788873,-8.115963116817289,-6.991369317249967,6.14590453767334,5.122764284822081,-7.9591623899818895,-8.40244764387131,-8.47657575703285,-8.193549400819656,-7.081457093626165,-6.069373695853379,-7.857220577071717,-8.015050530499238,-7.93043410606702,-7.594589881401284,-3.605152940117334,-8.557311148541816,-8.115759879169838,-8.041652857842358,-8.044492129446748,-8.132200540425039,-8.213335015167102,-8.160196813642617,5.72151054097544,8.496993200374032,9.244211909411518,9.482886256021997,9.542892643002162,9.302565299212798,8.783032416275297,7.011973618974257,-7.471353236630363,-6.952437499129005,-8.15671351948667,-7.297732816288394,5.807868994446483,5.847783157364452,-7.680546066052568,-8.276730506580373,-8.37697190245717,-8.17671113022086,-7.204777749746328,7.846724571447021,7.861843360163729,-7.832309398441156,8.36781407321647,7.340847549021437,-7.7725105305415045
B,-8.996292058803894,-9.284092913113495,-9.124093542771892,-8.558750765154564,0.0,-7.221322854393747,-6.707538034372794,-8.512885774074618,-9.160595171140566,-9.28118088783573,-9.169373116040987,-8.960622986234151,-8.703035699028083,-8.231960107421832,-8.649903062925574,-8.216411886380248,-9.10426354642751,-9.255977257090658,-9.19949299860489,-9.02447733295557,-8.446559283505096,-7.427998462436381,6.423820399041808,7.43140534412023,6.924649544105068,-6.468836190179186,-7.8365722068592625,-8.400640289561274,-8.785819342875513,-9.06261910531819,-8.961540779085835,-8.678196236045665,-8.232915918987858,-8.453466000656118,-9.084021272131297,-9.231006670598642,-9.199722335202889,-9.083573736651013,-8.558903996476547,-7.165645702345618,8.025610787377687,8.500111785066093,8.318991924363132,7.221589270033119,-7.818938133791386,-8.77622971812681,-9.099119435779022,-9.171291793935849,-9.054697151091135,-8.74804683571596,-8.465133920514726,-8.526225679805155,-8.996260708526364,-9.176693581222999,-9.211554339295363,-9.085763527769576,-8.76418849836276,-8.638272919165422,-8.961301296481832,-9.016431383651062,-8.986171296227356,-8.881639166946742,-8.565593225803283,-9.251082310571318,-9.054617656949874,-9.026286549586287,-9.027348330530371,-9.061079367118662,-9.093918068719566,-9.072230170194906,-8.498580953990809,-5.74668414437697,8.543514199251625,8.977383146048403,9.07498587624521,8.657815116901723,7.1790320666345275,-8.319552681194503,-8.849104261326735,-8.741433564062794,-9.070833846940278,-8.808087033703444,-8.49295293487866,-8.490171245549973,-8.906117841934694,-9.120687474113048,-9.165028550855892,-9.07889834731841,-8.788290028630941,-7.884508953434763,-7.86973150473978,-8.953111552389329,-6.8100909457507495,-8.208259223325685,-8.934005634628692
C,-8.810728071063656,-9.148263671332046,-8.962696381320221,-8.254494297347158,7.221322854393747,0.0,6.311273807060404,-8.191798736653904,-9.00545638356765,-9.144927189913602,-9.015700335342117,-8.767626750036767,-8.445453304974173,-7.779842058346349,-8.3761583570772,-7.75529607689027,-8.939352509586499,-9.11599065618487,-9.050737611830394,-8.844563475998347,-8.099164537964114,-5.753013384387679,7.592694437403485,8.024690765732357,7.776675825616183,6.585571449973209,-7.059802034867086,-8.033534202768822,-8.551310893495398,-8.890054857885113,-8.768739812231189,-8.413197214197218,-7.781343850448016,-8.108926176260209,-8.915437322404701,-9.087213554807155,-9.05100259198155,-8.914907630171093,-8.254702538809473,4.318872834328195,8.395158113940969,8.745541779566217,8.606727069492477,7.914237695230981,-7.021052825136857,-8.539171848285987,-8.933283321286808,-9.017937148119827,-8.880633761582114,-8.503312579604987,-8.125354355068188,-8.210143033048496,-8.810689740703095,-9.02423145829973,-9.064718944943351,-8.917499167478246,-8.523885783891062,-8.360837942265789,-8.768449401062071,-8.834923875089533,-8.798530505019507,-8.670992332734615,-8.263759075484481,-9.110358131432418,-8.880539161477012,-8.846728916920423,-8.84799981521639,-8.888224867663642,-8.927140831707481,-8.901465454256854,-8.172023607299415,6.962381885597118,8.779657494676353,9.136604767994802,9.220425370002033,8.870978207046518,7.893109515840529,-7.914261868373708,-8.630673131476078,-8.49485779941651,-8.899809307725237,-8.579381753148377,-8.164213679433415,-8.160347217899771,-8.701124939529748,-8.958692764393852,-9.010632097497057,-8.909370827661498,-8.55443358221937,-7.161251582716135,-7.130550708688286,-8.758508371249416,6.136310440278213,-7.742336207627537,-8.735250508499023
N,-8.88952087295573,-9.205110421246937,-9.030750001038452,-8.388134767848411,6.707538034372794,-6.311273807060404,0.0,-8.333500035781531,-9.070752434390549,-9.201960084483265,-9.080351726578295,-8.849751690962679,-8.557108095412984,-7.986723614718851,-8.49536497446724,-7.96681089874942,-9.008958759241116,-9.174650079704795,-9.113230246868428,-8.920832811277668,-8.253608570269181,-6.762596524232719,7.268156730687779,7.826335451523568,7.514576040650342,5.1637488435971655,-7.446562198328619,-8.197638764310733,-8.652297026519664,-8.963053144236815,-8.850777040850199,-8.528309370135428,-7.987944906623162,-8.261979055143378,-8.986669675840098,-9.147534906894698,-9.113480170055743,-8.986176420644803,-8.388316742018517,-6.166782275754661,8.262517810451415,8.65397153583281,8.50077424674807,7.689926576722861,-7.420405884326927,-8.641330381890059,-9.003298822475063,-9.082448833198809,-8.954298189464332,-8.609010476821394,-8.276092190261572,-8.34944051987681,-8.88948599254517,-9.088351016488172,-9.12637111215088,-8.9885898995791,-8.627537734374592,-8.481777955875458,-8.850509504184284,-8.91190427062549,-8.878253261651817,-8.76108459715046,-8.396245254814927,-9.169339302393801,-8.954210299117474,-8.922839424287432,-8.924017247648063,-8.961352102508354,-8.997572897284225,-8.97366498279287,-8.316360819404373,6.227329129512977,8.691298434833005,9.07559984177402,9.164465446032505,8.79064937616505,7.663414456018767,-8.097357007865927,-8.72430391066312,-8.6014069700201,-8.97212400898097,-8.677705500299915,-8.309604072445346,-8.306261677875092,-8.788656719315576,-9.027010267029656,-9.075601681297275,-8.981021456945781,-8.655120150348106,-7.516579545360153,-7.4951591554929875,-8.841355256946324,-4.493138672953451,-7.956334708627395,-8.8199665050019
O,-8.037731792600153,-8.663524756775066,-8.34192702509575,-5.458115509599741,8.512885774074618,8.191798736653904,8.333500035781531,0.0,-8.420067513543765,-8.65809884090001,-8.438388161570279,-7.941899843025326,-6.950482196016234,7.106864215450468,-6.595894333666022,7.153295559733268,-8.298052972857036,-8.610580169453694,-8.499967746060994,-8.109634855067357,5.769867198926062,8.100790259400945,8.629425312803557,8.80472856081092,8.698605619531069,8.3744254414011,7.803025749249069,6.272112541072867,-7.354566946885631,-8.202264706239554,-7.944439754110255,-6.7978652005385145,7.103913992168869,5.663672280558318,-8.252140000245763,-8.562415697765053,-8.500427366355153,-8.251111546278434,-5.46151561563563,8.212098243923418,8.991661669166515,9.199565169841692,9.113668013532648,8.755607365111784,7.820940645350094,-7.313818531760842,-8.286496385098197,-8.44236823772692,-8.183435033277874,-7.1860413243099694,5.4517706549411145,-4.217403318148762,-8.037649725226206,-8.453533151906703,-8.524096668207902,-8.256138556732436,-7.260772415963311,-6.501386595542415,-7.94377738232986,-8.089426364507604,-8.011119235015794,-7.705744091284131,-5.599585922382669,-8.601225991962133,-8.183245044137458,-8.114145269688429,-8.116787513452918,-8.198616999953588,-8.274734898871193,-8.224842238566058,4.272641535382887,8.448133782231936,9.221365602660754,9.46493469575804,9.52599550059173,9.281028076749148,8.746552937655029,6.7755802694149505,-7.596209005953885,-7.154106686640727,-8.221576660364356,-7.444600865680667,4.597621887034663,4.72570288847067,-7.782997698427824,-8.334465500606454,-8.4293416933409,-8.240330041844407,-7.364863820527856,7.75091146288244,7.7675379253821735,-7.9209544933503935,8.312026225212806,7.176532486601246,-7.866369468980549
F,7.27422127535653,-7.132243935137197,5.834942292874247,8.36719698084869,9.160595171140566,9.00545638356765,9.070752434390549,8.420067513543765,0.0,-7.1069189525385985,-4.441344782841175,7.453279081060587,8.158962246457575,8.658089348043493,8.244367648426309,8.66811386879618,6.257985196741571,-6.8598472409538545,-5.935929424824716,7.0999015113795405,8.488115771709923,8.96613701254386,9.2232638750558,9.323838692403775,9.26205566695956,9.090541469853099,8.851406997818094,8.53026853751097,7.997962695546683,6.790102980861396,7.449125027838398,8.200364722424647,8.657464798200605,8.48144504774547,6.554482778532073,-6.544044343537023,-5.941916684614421,6.560081090595455,8.367011125578083,9.014505284383445,9.439228170388912,9.576997955063455,9.518908809241392,9.294900686214318,8.857722819619966,8.018729211210957,6.342889433382042,-4.637813496245827,6.863883416841795,8.076312419385792,8.469966983895965,8.405223012351929,7.274397309172462,-5.045831301103118,-6.211453491695865,6.532358778072317,8.043938055970198,8.26156429787936,7.450212535576156,7.153359862413204,7.3290428820118585,7.748089620598285,8.358846637150611,-6.804738347743725,6.864593548951866,7.087415461408846,7.080002944946585,6.8049227620795785,6.421180970092629,6.691687984503812,8.435532184477674,9.127238133099725,9.591995831939403,9.76626897845624,9.811798938122015,9.6335583418762,9.289630527620005,8.596447686964217,7.842896633499625,8.089133307330863,6.706676484299163,7.947186644793423,8.441491833261027,8.444412081177013,7.667978779348406,5.922211767148232,-3.76749816075094,6.6166263147540985,7.99250889798073,8.83344821414669,8.839111197741065,7.486508044777288,9.060536602548174,8.67326908923583,7.565343346034548
Ne,7.886836058797944,-3.4753238522366665,7.353354571801875,8.61666475053384,9.28118088783573,9.144927189913602,9.201960084483265,8.65809884090001,7.1069189525385985,0.0,7.03570512814923,7.98782763780869,8.458278916109613,8.850217578390602,8.522281908267594,8.858496998018413,7.462528060465019,5.591581396305695,6.7369543577898865,7.796151970702236,8.712116594330059,9.110814278007428,9.336924990133255,9.42716645107832,9.371620371961885,9.21933665781354,9.01232707593661,8.74595081824491,8.341475009489047,7.653678207293325,7.985395512262158,8.489134779666884,8.849701943799628,8.706787744917722,7.560999968256121,6.265849842489822,6.73425622723655,7.563049659824234,8.616520210471,9.152802210725186,9.531799648105174,9.658125124734864,9.604685710258897,9.401106620284688,9.017706666405363,8.356248558421083,7.488680539008425,7.019352807280078,7.6854538194568125,8.397672393559917,8.697636091433747,8.646418995874303,7.886931444281445,6.9716424979493485,6.5833499704840746,7.552970613857601,8.374300676407547,8.535333097654076,7.986031978177561,7.8231554758606645,7.916918005419347,8.170899084536678,8.610164312072747,5.766034396427292,7.68576610508036,7.789947809461013,7.786282938934464,7.659953503095783,7.514314281530785,7.613364811468471,8.670309424968956,9.251668960403688,9.671962199313837,9.83386808762057,9.87648448991408,9.710391221745972,9.396368706322745,8.79962844650421,8.234022740316698,8.406985179162358,7.61934568110102,8.305728512771823,8.67502494256649,8.677337698673098,8.119141032299712,7.373134120841569,7.071665368790221,7.584163464985616,8.337609823874883,8.997058173932853,9.001868513046551,8.007431256741796,9.193005931138549,8.86276040402972,8.055002827089162
Na,7.3307335774919,-7.062874966683432,6.05426321316379,8.386501433885805,9.169373116040987,9.015700335342117,9.080351726578295,8.438388161570279,4.441344782841175,-7.03570512814923,0.0,7.50074855889138,8.182683045138214,8.672556400493361,8.266167630209363,8.682437676324605,6.406963515491486,-6.7677304442297705,-5.685301567940769,7.166831344369473,8.505240219321756,8.976788974741249,9.231510603956277,9.331299227763544,9.269989800207568,9.099953104658443,8.863346080970699,8.546691940526484,8.025770091645558,6.88027168548136,7.496787595342095,8.223134334305524,8.671940691303643,8.49868286309714,6.667301022173406,-6.415436149357038,-5.692970328583033,6.672303368871951,8.386319060579526,9.024656644719453,9.445878244951652,9.582794838686018,9.525051229906987,9.302579445737766,8.869587170361775,8.045972681390314,6.480343380373698,-2.9670879976373126,6.9479000581714585,8.102050884550927,8.487402386167384,8.423813820753463,7.330907151327329,-4.270043426119355,-6.027166807169749,6.647560767945925,8.070512384527257,8.282996250303833,7.497824611278215,7.2169141606896705,7.382626606412892,7.7836515798062225,8.37831134208179,-6.707139625221076,6.948552849013362,7.1551585964412405,7.148231759223339,6.893821612202665,6.549097649378626,6.790733618940179,8.453572862602499,9.136312208926714,9.597706438295956,9.771068696324349,9.816385525593866,9.63903719387999,9.29734965780216,8.61182744276941,7.8752945865893125,8.114548104995409,6.804318267927004,7.976421464023935,8.459426357907061,8.462294773787306,7.706450513299345,6.124948551340023,3.7521634928183523,6.722996381872812,8.020466239520049,8.8456023376651,8.851196795637687,7.5324614054699115,9.07023352841005,8.687519665437478,7.607886107923381
Mg,-5.64856799562766,-7.998400728498367,-7.233070480479299,7.8551741912854744,8.960622986234151,8.767626750036767,8.849751690962679,7.941899843025326,-7.453279081060587,-7.98782763780869,-7.50074855889138,0.0,7.47876086600986,8.302021269811888,7.64090712721663,8.316304444842105,-7.093692367802802,-7.892725982019845,-7.651074239111797,-6.243514786452307,8.049489112311315,8.717481082441141,9.036648952118753,9.156664679198414,9.083216612234303,8.874374660361264,8.56782869546853,8.114113471772432,7.131202193559404,-6.730428673938899,-2.098400433559672,7.558916392772392,8.301129312814384,8.03912649787469,-6.9315954269775615,-7.791359203827491,-7.652151712105782,-6.92773755576977,7.854863947034746,8.779090554002403,9.291689620321552,9.449713680411731,9.383472728516303,9.122369232391767,8.576206636619506,7.179920139420585,-7.054536375281972,-7.510884960226819,-6.645656959003768,7.3084326643727024,8.021205618862872,7.917843279219707,-5.647672820470286,-7.538984808718975,-7.706584983193658,-6.94647779889903,7.2373015049009926,7.672121818875558,-1.8379772900789628,-6.105056490129272,-5.311181430034036,6.384569669441211,7.841201046506,-7.873452598663383,-6.6447729821680275,-6.27231212122334,-6.288862990922836,-6.714454229861712,-7.013720631014183,-6.8252763314121365,7.966728720085782,8.919728467971353,9.466729857875853,9.662121654789967,9.71252524963231,9.51371061964609,9.116103424110056,8.212808907595463,6.713033409558277,7.335862017150377,-6.811975355358426,7.005876708671074,7.976235871302705,7.980882123571954,6.026450882308198,-7.210283299931972,-7.47748108559696,-6.886625647386704,7.118177421218816,8.543910811871623,8.551467870391932,4.08258122847598,8.836992464260154,8.32362366617059,5.326883350695055
Al,-7.627023722083963,-8.464897246079845,-8.05627205687455,6.697031869452436,8.703035699028083,8.445453304974173,8.557108095412984,6.950482196016234,-8.158962246457575,-8.458278916109613,-8.182683045138214,-7.47876086600986,0.0,7.72443241301401,5.7448275335893015,7.749738175562751,-7.997458958173459,-8.399929908990762,-8.26151340968303,-7.733556755422118,7.21755214172376,8.375566526802496,8.8003424360955,8.950058376303023,8.85896573248619,8.58996582947982,8.157843463206044,7.360261629849026,-6.255110782302422,-7.865783715538422,-7.482793959439041,5.002066936074013,7.722842481235213,7.193579230926712,-7.934933425798219,-8.340133848965925,-8.26209871523832,-7.93352065298156,6.6960441131350645,8.461238663409148,9.113658796517392,9.299767847412594,9.222386380930057,8.907724234994024,8.17044066268917,-6.127399544611492,-7.98181792669164,-8.187821128692116,-7.839321528889653,-5.6283802428453376,7.151328535826925,6.884278206452884,-7.626900028639254,-8.202199353434935,-8.292043592400717,-7.940420083116711,-5.942111068229511,5.93644932687694,-7.4817412482899,-7.7039843043912,-7.586618712960285,-7.071926951988881,6.651954401723615,-8.388375057226238,-7.83905347484303,-7.740122911354479,-7.743958062325194,-7.860678751261172,-7.965833536655311,-7.897250712768085,7.016038650201423,8.649799401041914,9.319509951279555,9.54266372256653,9.599284920432902,9.373743448799317,8.899952439469626,7.559476959391472,-6.854335348605271,-5.466789952348575,-7.89271743275403,-6.50421263720947,7.0404549019458855,7.0522567859547305,-7.212887247317544,-8.046332189821744,-8.170986396173717,-7.918679004819443,-6.285712294878581,8.121582170880357,8.133088316826688,-7.445269130679659,8.539973871097267,7.7626030762227405,-7.355913804445615
Si,-8.369828943096753,-8.854694668936617,-8.597016945293301,-7.282052295186025,8.231960107421832,7.779842058346349,7.986723614718851,-7.106864215450468,-8.658089348043493,-8.850217578390602,-8.672556400493361,-8.302021269811888,-7.72443241301401,0.0,-7.576301349008433,4.077483274851186,-8.563190906640369,-8.811163178956896,-8.721595744048637,-8.421932185819113,-6.803305166450817,7.639044883460371,8.383558572178076,8.602705352371476,8.471198001950754,8.044132753132198,7.113698067053801,-6.539181330217151,-7.931153504511979,-8.49054531789221,-8.30379379554605,-7.656927182795494,-1.524940031825185,-6.838522790937234,-8.528160951931008,-8.771931261871167,-8.721958356956518,-8.527380560117743,-7.28260275451381,7.810333199557361,8.827099015524391,9.068029072390209,8.96944276161618,8.542248451844799,7.149079656056169,-7.908464782318773,-8.554337953507277,-8.675707719034705,-8.476464902556547,-7.83998982039333,-6.895852806923248,-7.160202444844181,-8.369770274457043,-8.684559254368327,-8.740968814050252,-8.531195667690259,-7.879557132330777,-7.5418844248514105,-8.303330737858916,-8.407184687248568,-8.350808855597924,-8.14333859662393,-7.30636815047695,-8.803519891979594,-8.476323158013292,-8.425234849029653,-8.427171239480703,-8.487815420069392,-8.545352420860826,-8.507515477635247,-7.047172804859404,8.145269463357941,9.09285635554581,9.365639060440895,9.432864401688066,9.160429743506288,8.531028378091603,-5.843474255975819,-8.074011171558574,-7.823511892009394,-8.505055511333861,-7.982729510925589,-7.022922374678035,-7.010767017709131,-8.193889994224019,-8.591240679258375,-8.665406131926403,-8.519212396845639,-7.936951513287434,7.007034474704923,7.0417021749694415,-8.287456407884452,7.956211534843317,4.48917133328279,-8.249939613816627
P,-7.768322056284803,-8.528491171587598,-8.150491772936501,6.21146010101976,8.649903062925574,8.3761583570772,8.49536497446724,6.595894333666022,-8.244367648426309,-8.522281908267594,-8.266167630209363,-7.64090712721663,-5.7448275335893015,7.576301349008433,0.0,7.605587028254066,-8.097110438916266,-8.467656124642463,-8.338908037474612,-7.861449731921166,6.958047614726135,8.301057040679586,8.752256770086802,8.908799003735869,8.813680997058533,8.530279227687648,8.064347465432636,7.139405083176151,-6.724116719980671,-7.9786950093787885,-7.644330171628205,-5.105032740927531,7.57445755701585,6.92686003900687,-8.04068605330416,-8.411881575310677,-8.339449857393681,-8.03941516299698,6.209852968362974,8.393068864307674,9.078736466347186,9.270862396561743,9.1911187017174,8.864641705446106,8.078170783852839,-6.646147579937016,-8.082963561499067,-8.270895198609473,-7.955092392757448,-6.37975100002891,6.8713299171218445,6.500127815588867,-7.768214697542174,-8.284134790747379,-8.36719637497237,-8.04562283814582,-6.539979511681115,4.204968759452459,-7.643434574050546,-7.835474062524993,-7.733335614908343,-7.306522173318034,6.136952998961182,-8.45685693787799,-7.954853680598611,-7.867227011506777,-7.87060802230279,-7.974136812886004,-8.068528043629641,-8.006858247582475,6.688097813293705,8.593680531132023,9.291177728785938,9.520062689228267,9.577941370057047,9.346927000183967,8.856526348547119,7.382293563620873,-7.1385109222245156,-6.3067622321555,-8.00278792729748,-6.88706189984996,6.721831917372376,6.738026562826976,-7.419604635933525,-8.141449489142206,-8.255401131774818,-8.02607479342785,-6.743371323882822,8.024460412977643,8.037132840589795,-7.612492888374799,8.47712948193012,7.620433873220581,-7.53742818925156
S,-8.383180450582667,-8.862937252214625,-8.607669481563876,-7.321166365594508,8.216411886380248,7.75529607689027,7.96681089874942,-7.153295559733268,-8.66811386879618,-8.858496998018413,-8.682437676324605,-8.316304444842105,-7.749738175562751,-4.077483274851186,-7.605587028254066,0.0,-8.57420786900357,-8.819769791079592,-8.730999534755664,-8.434610136247471,-6.865699708817699,7.610734739853851,8.370212115802179,8.591999664911844,8.458978320345544,8.02534151100986,7.065345312435809,-6.619695481031413,-7.951781660753209,-8.502387444931472,-8.318050289443457,-7.6839764304043685,-4.136630265926223,-6.898822113246057,-8.539568471282609,-8.780881966832581,-8.731365584492437,-8.538796912651083,-7.321695304079651,7.786533173821345,8.818554310706503,9.061319987886685,8.962035938209114,8.530871637683099,7.102447623359841,-7.929561379105619,-8.565452351752956,-8.685558010617752,-8.488474032525895,-7.862564968769153,-6.95288621459847,-7.204274367321144,-8.383122570861785,-8.694323204554742,-8.75019969325979,-8.542568261227022,-7.901262671456853,-7.572182166145558,-8.317593772236272,-8.420049676587622,-8.364414952252778,-8.160055617368718,-7.344496526806833,-8.81219352266876,-8.48833399768307,-8.43787114422595,-8.439783367709696,-8.499689805366211,-8.556566627290085,-8.51915956889518,-7.096391091002818,8.128304253982762,9.086312327155772,9.360661265611904,9.428211079591689,9.15431459448629,8.519522450251023,-5.998848426827155,-8.091917674233153,-7.84645776305138,-8.516728108171543,-8.002330814347626,-7.073318582769773,-7.061764094845162,-8.20978956200485,-8.601954556690695,-8.675357837172227,-8.530721860098987,-7.957461673391296,6.95308985861588,6.989644299778854,-8.301946022582978,7.9356754900905395,3.435623044825859,-8.264979008939996
Cl,6.8259610028196835,-7.480341907755372,-5.199157518275459,8.23811161003642,9.10426354642751,8.939352509586499,9.008958759241116,8.298052972857036,-6.257985196741571,-7.462528060465019,-6.406963515491486,7.093692367802802,7.997458958173459,8.563190906640369,8.097110438916266,8.57420786900357,0.0,-7.295997709394571,-6.801902257984521,6.537679233635862,8.374601621120307,8.897288369332928,9.170445912657337,9.276196832981004,9.211299207774504,9.029995539010063,8.773855588965729,8.421703887236024,7.805362775423933,5.90764812137618,7.087735213572145,8.045944855731294,8.56250404361781,8.367129168015376,5.199711616503372,-7.103534160406049,-6.804495562974042,5.221238338221686,8.237900068316732,8.949016152351499,9.39688987262009,9.540210313190984,9.47987739424178,9.245825190877708,8.780678983262687,7.8304849984406735,3.8542483689695444,-6.436925484417076,6.077437613288839,7.899591721559067,8.35424881593851,8.281265469394521,6.8262366312245115,-6.517043383760582,-6.927157266625186,5.11109374631583,7.860836932954647,8.117008335725465,7.089295641591826,6.629664673368405,6.9105082589763684,7.4933037884834235,8.228618864814397,-7.260717598816683,6.078996340280054,6.515607606623838,6.502497120572544,5.942933962206461,4.538354746550062,5.650787666961832,8.315506753249508,9.068938627577342,9.555765717323435,9.735924388441248,9.782822749074393,9.598829212100243,9.2402891573684,8.495199793389048,7.614021235009991,7.9148711408231005,5.692661498538887,7.743461740154788,8.322223836898306,8.325513390142618,7.388691666295122,-5.009886796005063,-6.335843958694579,5.421700441966753,7.798746769689632,8.754434483902761,8.760561642026873,7.141152867566586,8.998087689140984,8.579869137201081,7.250611141663995
Ar,7.781075362662438,-5.701984401282088,7.16569951109237,8.567083278476476,9.255977257090658,9.11599065618487,9.174650079704795,8.610580169453694,6.8598472409538545,-5.591581396305695,6.7677304442297705,7.892725982019845,8.399929908990762,8.811163178956896,8.467656124642463,8.819769791079592,7.295997709394571,0.0,6.3556829716753,7.679745658075363,8.667151362643647,9.080858579399848,9.313100418343707,9.405420456708306,9.34862121457359,9.192503189513296,8.979218886951873,8.702514834481763,8.27565975069259,7.518187626518965,7.890051081866761,8.43261362223,8.810631570445246,8.66157705110475,7.411317919649007,5.557327245181587,6.351763650675178,7.4136991307010485,8.566931124612399,9.124095948823406,9.512238249325694,9.640905176335433,9.586511794281272,9.378783261028188,8.984779068516607,8.291430417980242,7.3268531117284725,6.746386673492768,7.5544900877088415,8.335567862093708,8.65200018610718,8.598326282761166,7.781181478549781,6.683126634736795,6.122047035392099,7.401987105485964,8.310679946717531,8.481434910226687,7.8907509694178035,7.710032819394542,7.814457784672733,8.09235045428756,8.560250943940344,3.9532834444909173,7.554846989610288,7.672758525964932,7.668651047045033,7.525370261321499,7.356886431203211,7.471876760189493,8.6233791453175,9.225700994158473,9.65498091003958,9.819443594051355,9.862665935142434,9.694055318462544,9.373938097105492,8.758509904875103,8.160460488153145,8.345475211944564,7.4787741145955025,8.237434359484338,8.628320656439936,8.630743860718871,8.036242126026943,7.1895133767266595,6.8144858337861915,7.438172636338338,8.27153110962871,8.963431933221946,8.968406204348957,7.914264593744033,9.165446571943356,8.824206616528928,7.966362223103868
K,7.506602106476248,-6.7734133621300785,6.578475180183189,8.451257144232981,9.19949299860489,9.050737611830394,9.113230246868428,8.499967746060994,5.935929424824716,-6.7369543577898865,5.685301567940769,7.651074239111797,8.26151340968303,8.721595744048637,8.338908037474612,8.730999534755664,6.801902257984521,-6.3556829716753,0.0,7.371010536339295,8.56294973710253,9.013190489877706,9.259841291868488,9.356973553731812,9.297265466279809,9.132207065107279,8.904036950515442,8.602121943636432,8.117407027364955,7.143931148240259,7.647666837399237,8.298955004157234,8.721002657493608,8.55676145489259,6.9846669586272085,-5.760673177829741,-1.1838775590265194,6.988155004046182,8.451084952170186,9.059386004497485,9.468804809728525,9.602816845370466,9.54625088078864,9.32899202132144,8.91002559693154,8.135846907984918,6.851927015652648,5.620662795886319,7.196411217144542,8.187226554752515,8.546119956311482,8.48626929466647,7.50674166949564,5.411573681989334,-4.796057264551287,6.970174301883511,8.158304031670983,8.35456553012154,7.64866144744598,7.412030719489885,7.550300434861255,7.898980189037767,8.443581250443954,-6.2628654689934065,7.196797399362135,7.361503689029619,7.35587209185443,7.154357109849397,6.899843945861396,7.075870112367422,8.51425140094432,9.167431156990313,9.617435117492327,9.787683068605167,9.832269568935358,9.6579745080199,9.32389891969716,8.66385123804847,7.981038805732684,8.198709031907928,7.086101807046845,8.072467253672173,8.519761225286596,8.522461919757893,7.830483517542477,6.6209099845934105,5.817490506905465,7.025370617857157,8.112558409767754,8.887002335398437,8.892370807336496,7.6784205940267665,9.103440886791601,8.735841205726983,7.743929891234065
Ca,5.445785362971768,-7.808944550029796,-6.769415226601406,8.036802513331448,9.02447733295557,8.844563475998347,8.920832811277668,8.109634855067357,-7.0999015113795405,-7.796151970702236,-7.166831344369473,6.243514786452307,7.733556755422118,8.421932185819113,7.861449731921166,8.434610136247471,-6.537679233635862,-7.679745658075363,-7.371010536339295,0.0,8.201347177026804,8.798218639594914,9.095964506698367,9.209445206339295,9.139908358814019,8.943785568148337,8.661009672605783,8.257115429235933,7.475363825455164,-5.780256963757679,6.229517826297243,7.7962350787715975,8.421141057943451,8.1924510580729,-6.235316636051547,-7.5527306041918285,-7.3724362861314745,-6.227562042896145,8.036543854994639,8.855182720860377,9.337955853928603,9.489349287192557,9.425766121768712,9.17694277765223,8.668645103155223,7.510139025071057,-6.4685324117785,-7.180957590739833,-5.544277765367159,7.604145185337742,8.17709725140468,8.089331163523239,5.447079595046285,-7.219829285117517,-7.4438237176626805,-6.264979449735016,7.55171627620466,7.886569529761069,6.233249314234573,4.21303248526118,5.7464467113322995,7.008770735543353,8.025163623924932,-7.655844840320785,-5.541621375045281,-2.774908751964155,-3.2139880570410817,-5.7384085774378795,-6.393789996992406,-6.009222383296853,8.130669688096487,8.986161478850953,9.505709594001402,9.694292985740985,9.743139078275066,9.550934277177296,9.17101059320141,8.343209269283374,7.197980624310554,7.624625774055184,-5.978880864280614,7.388179954580598,8.13874501726262,8.142739329311068,6.832933409074341,-6.732757450378384,-7.134190200730987,-6.142957227134365,7.466149167033332,8.639243142897445,8.646115482931084,6.3509257911958725,8.908954255675713,8.441116751134572,6.578258920187161
Sc,-8.135955897742484,-8.71725451941362,-8.415306862660826,-6.317435372281047,8.446559283505096,8.099164537964114,8.253608570269181,-5.769867198926062,-8.488115771709923,-8.712116594330059,-8.505240219321756,-8.049489112311315,-7.21755214172376,6.803305166450817,-6.958047614726135,6.865699708817699,-8.374601621120307,-8.667151362643647,-8.56294973710253,-8.201347177026804,0.0,7.998865508137434,8.570613850936919,8.755610373400039,8.643835076232408,8.297862784444,7.663174040329917,5.347580461876792,-7.540523348575825,-8.28619398684072,-8.051770244174405,-7.102851560175215,6.799306557752372,-3.505263342198227,-8.332145297799805,-8.621697093810495,-8.563382752117928,-8.331195527666763,-6.318877628966635,8.121412564320893,8.951090698544402,9.166736680310448,9.077841655347202,8.703951312886378,7.683750470555127,-7.506806749106498,-8.36390108410513,-8.5089643237146,-8.26889375892335,-7.402670596447481,-4.4812880918669835,-5.959333022308875,-8.135881559110791,-8.519413568727526,-8.585623919842215,-8.335836649046998,-7.4632773773120045,-6.893209911551996,-8.051174432406972,-8.182926005304711,-8.111863197757238,-7.8401416682897285,-6.380015582154522,-8.658313832259882,-8.26871916211963,-8.205463101013379,-8.207874904337306,-8.28284414428146,-8.35302072084991,-8.306972038800494,-5.520596228910866,8.377210010597063,9.189256262697029,9.439854685004528,9.502418737688346,9.25080687968107,8.694414591758957,6.32201383873399,-7.745059230149664,-7.376775580614207,-8.303965014353519,-7.615839223093958,-5.403762663466536,-5.340823386292775,-7.90800165780095,-8.408375625462408,-8.496782109661819,-8.32124803126514,-7.549080206306988,7.6029973145624945,7.6222481250924625,-8.030700453952305,8.230327424000883,6.8965612122966515,-7.981929720711601
Ti,-8.762748658779564,-9.114269435538283,-8.921622914198434,-8.169259368309826,7.427998462436381,5.753013384387679,6.762596524232719,-8.100790259400945,-8.96613701254386,-9.110814278007428,-8.976788974741249,-8.717481082441141,-8.375566526802496,-7.639044883460371,-8.301057040679586,-7.610734739853851,-8.897288369332928,-9.080858579399848,-9.013190489877706,-8.798218639594914,-7.998865508137434,0.0,7.739703113655825,8.122554015582663,7.90044190947073,6.94573540131785,-6.745316571785561,-7.926050402460634,-8.4886671790412,-8.845817307637677,-8.718651316406925,-8.340934738598504,-7.64077378896656,-8.009651640527611,-8.872332878611294,-9.051037034870356,-9.013467578367102,-8.871779724440826,-8.16948580706933,5.964077091814205,8.463734486736353,8.794333103308666,8.66258490024676,8.022929752896284,-6.691744451771521,-8.475739661426443,-8.890957659944553,-8.979114763077176,-8.835968119553499,-8.437486916475148,-8.027778950644418,-8.120865130442855,-8.762709215215516,-8.98565725371444,-9.027703951614141,-8.874485380175177,-8.459443030029286,-8.284539108810742,-8.718345558428487,-8.78811916035123,-8.749948239621286,-8.615615368766173,-8.179344114884548,-9.075023987407384,-8.83586912582456,-8.800486672848237,-8.80181772620732,-8.843904530990743,-8.884548642759794,-8.85774303293045,-8.07911075549633,7.222774918322661,8.826850397625412,9.169863061422804,9.251050506196233,8.914140221809202,8.003997890990739,-7.792301442482418,-8.572951184290861,-8.42845505751973,-8.8560107879978,-8.518527522392137,-8.070537005148175,-8.066290031876242,-8.64743696036937,-8.917451158851582,-8.97151924383519,-8.86599826355158,-8.491993192218128,-6.881805329156422,-6.841002402024304,-8.707891569794352,6.655159890610489,-7.595743858493934,-8.683411266512719
