element,0,1,2,3,4,5,6,7,8,9,10,11,12,13,14,15,16,17,18,19,20,21,22,23,24,25,26,27,28,29,30,31,32,33,34,35,36,37,38,39,40,41,42,43,44,45,46,47,48,49,50,51,52,53,54,55,56,57,58,59,60,61,62,63,64,65,66,67,68,69,70,71,72,73,74,75,76,77,78,79,80,81,82,83,84,85,86,87,88,89,90,91,92,93,94
H,-0.0,-13337.320018483091,-3799.1305514625556,4151.589150586811,3653.328969782104,3275.431257749013,2211.6785809278567,-1603.7610574717878,-7300.928845341797,-13259.953774527043,-6443.552860563622,-1445.7347559194204,-7853.352867184645,-934.7102479035743,2768.0551781611134,496.86948129439423,-7405.130166057685,-12691.3009717101,-7862.5830055260285,-4085.389077201132,875.7778371998537,6454.5238598633,9005.871323947606,8339.888043582128,7520.422564712974,9193.714417248,4760.445623132693,1788.1963348017086,-970.1678552613868,-2741.281710416562,-5764.802211889229,-1103.5158383308606,1284.3015289642872,-39.44439978516597,-7114.819085433769,-11948.585091435278,-8132.307109934391,-5207.979129328966,-336.32011974715067,7067.610092228921,13170.348402372623,13040.76853569137,15583.540837769355,10383.81383321695,4312.998834463682,-1850.7750193249433,-4941.040249490049,-4092.466804352128,-6394.179429784972,-2237.52735104062,252.6165726036446,-304.1713584569635,-6571.715186577851,-10680.188447175407,-7689.579489829619,-5218.975110181511,-458.3680575614608,679.7845581945033,110.27623465550967,-992.9062447857234,-2257.738354992609,-3232.8998692653777,-3575.2350571073016,-4566.563370012115,-5893.342894917499,-6691.294521192486,-6895.461757414792,-6747.478573667702,-5791.929830352063,-3612.905724768589,-2813.5570652514884,4962.394202954224,18244.870121373162,20780.141269100834,21477.585002147585,17219.85207495327,10444.483074452965,2574.2621718255778,-3889.6796114513104,-9803.903792598543,-6562.451139586379,-2783.5704596126284,-279.36266797608204,101.04825438633918,-5639.200022904848,-9998.389217404852,-7049.173907401309,-5719.254759097865,-1655.758505666322,7094.2329454536,7314.723502031776,4354.971371503315,5667.012067617751,4226.191519792475,725.5431671314961
He,13337.320018483091,-0.0,9538.172226605151,17488.908833737612,16990.649267490302,16612.75216102305,15548.998507610791,11733.55908819033,6036.51389381002,77.36633146564695,6893.76717001696,11891.585807740963,5483.967145938747,12402.61015539741,16105.376137618745,13834.190004744763,5932.189899647546,646.0181434408701,5474.738521897366,9251.932727958925,14213.098462753718,19791.84384004378,22343.19168900089,21677.208715759116,20857.743030673562,22531.0345893407,18097.60233799092,15125.349244769272,12367.15257873025,10596.038742289866,7572.51747615105,12233.805377628265,14621.62260758156,13297.876479435043,6222.500951468642,1388.7330659122545,5205.013304646074,8129.3425932401515,13001.00207083285,20404.931915850364,26507.668500148815,26378.088412080197,28920.8626143192,23721.13417111418,17649.74780568449,11486.545362819705,8396.280287467187,9244.85319327422,6943.141684472016,11099.793796203256,13589.937992990508,13033.150087707083,6765.606747302176,2657.132043906141,5647.739633985092,8118.345182071875,12878.952853632827,14017.105257631398,13447.596680951268,12344.415409048243,11079.582762414457,10104.421718135576,9762.085991924196,8770.75720429677,7443.977723642536,6646.025490433981,6441.858828887056,6589.841491929315,7545.390414826474,9724.415966789004,10523.764269584597,18299.715554815575,31582.190425089786,34117.46039703731,34814.904168366054,30557.171909310375,23781.802514365838,15910.709866406856,9447.641596576314,3533.4141244168836,6774.8699836008755,10553.750747138389,13057.95883961173,13438.370332295743,7698.119155614974,3338.93170632986,6288.1477715269075,7618.064930217833,11681.567172742303,20431.555629498755,20652.045901804777,17692.29346560948,19004.333829524567,17563.513076572137,14062.86511445976
Li,3799.1305514625556,-9538.172226605151,-0.0,7950.723420162004,7452.459841253436,7074.5515756320465,6010.809390156389,2195.3696446059907,-3501.6756575333147,-9460.82308838453,-2644.4222298739905,2353.395996307645,-4054.571754181009,2864.4205249940073,6567.186400198941,4296.000878102065,-3605.9996764024872,-8892.170348151298,-4063.452110786082,-286.25788946489615,4674.9091005110595,10253.654558876922,12805.001805958223,12139.018843068025,11319.365540555973,12992.845212684102,8559.57651026571,5587.326663735937,2828.7637273890764,1057.8489247610032,-1965.6725411580003,2695.6153715050764,5083.432918061623,3759.6860560981218,-3315.6892026502032,-8149.45664764559,-4333.177054047382,-1408.848450539982,3462.8117053780356,10866.741679554954,16969.478996396843,16839.89912933456,19382.671300906528,14182.944685849718,8112.129699815271,1948.356035573549,-1141.9098745561564,-293.3367393934377,-2595.049788789678,1561.603252821252,4051.746991038375,3494.959001750924,-2772.5844428689998,-6881.057301993738,-3890.449342554106,-1419.8444993760927,3340.7615454488964,4478.914516822638,3909.40597844585,2806.2249329582014,1541.3921486250024,566.2306227861296,223.8952491613705,-767.4330539277266,-2094.2124125769806,-2892.164661327156,-3096.3306261627927,-2948.348281272301,-1992.799667672485,186.22547752847262,985.5742201169953,8761.525766649997,22044.00114604741,24579.271872090456,25276.715604538316,21018.982668445886,14243.613513346263,6373.394381050036,-90.54917603419656,-6004.7732301173855,-2763.3206934354157,1015.5585242718709,3519.7666816437923,3900.1772628398376,-1840.0697354076353,-6199.257534499716,-3250.042487836094,-1920.1260881489302,2143.3764185649593,10893.366316257167,11113.855799690184,8154.102688119937,9466.145293602744,8025.324476731821,4523.719544557592
Be,-4151.589150586811,-17488.908833737612,-7950.723420162004,-0.0,-498.2602536269514,-876.1579269388988,-1939.9105510171532,-5755.350336407169,-11452.395307084696,-17411.489980290087,-10595.141933670764,-5597.3384706876395,-12004.94229781384,-5086.2989070488775,-1383.5339419572606,-3654.7189336568194,-11556.719344786297,-16843.3015597603,-12014.17108788637,-8236.977072986292,-3275.8103929281187,2302.9349103713594,4854.0842880563405,4188.299147682878,3368.833661468202,5042.1256324655615,608.8565897115375,-2363.3928620649417,-5121.75680701232,-6892.870393022782,-9916.391977580584,-5255.104101917441,-2867.2874585064296,-4191.033037562271,-11266.408284141515,-16100.173908840623,-12283.894818645284,-9359.568648883005,-4487.9085629171495,2916.021449380001,9018.75883708065,8889.179228469131,11431.951530855918,6232.225176559286,161.40946935379162,-6002.363241330809,-9092.629121313985,-8244.055498290596,-10545.76742337588,-6389.116743576542,-3898.9725762634466,-4455.760270871125,-10723.302918488085,-14831.773688682224,-11841.170375148915,-9370.565175410276,-4609.9575864808285,-3471.8049001345416,-4041.3131379341194,-5144.493284614831,-6409.325960792465,-7385.176067944973,-7727.456952641488,-8718.790475535481,-10044.931618519002,-10842.883990932105,-11047.050649933652,-10899.597228499266,-9943.519044985544,-7764.493635156581,-6965.145200003577,810.8049461710302,14093.281201735303,16628.551963442937,17325.995695581718,13068.26276734063,6292.894274690718,-1577.3266495899147,-8041.267125573927,-13955.493140453113,-10714.039177892546,-6935.161225038414,-4430.954020027819,-4050.541014429721,-9790.791352434515,-14149.978112712115,-11200.761584516433,-9870.845418768862,-5807.34424189031,2942.6432406934446,3163.1352636789675,203.3819950178966,1515.4230740703622,74.60317342935988,-3426.0456450479537
B,-3653.328969782104,-16990.649267490302,-7452.459841253436,498.2602536269514,-0.0,-377.89765215177835,-1441.6501730088294,-5257.090325540187,-10954.135675330537,-16913.282973262903,-10096.881901502491,-5099.063434313087,-11506.682391393735,-4588.038786655284,-885.2737944720669,-3156.7067123791217,-11058.459318756259,-16344.6302803891,-11515.910663422628,-7738.7170272747,-2777.835119047503,2801.1946870289426,5352.542273595677,4686.559302054975,3867.0938585393264,5540.38558315163,1107.1173176108805,-1865.1329606429629,-4623.496809239089,-6394.610442883983,-9418.131704461399,-4756.844072243364,-2369.027051499741,-3692.7725463127385,-10768.736046780614,-15601.91397493313,-11785.634725235392,-8861.307133999879,-3989.6483048700393,3414.2811103957647,9517.019019497744,9387.439516215583,11930.211230345356,6730.484782312312,659.6697426760163,-5504.103276232721,-8594.369162903811,-7745.795533192507,-10047.506607354617,-5890.857309848264,-3400.7134872885185,-3957.501533108647,-10225.042703661044,-14333.51367829309,-11342.910163330129,-8872.304963419096,-4111.699126027155,-2973.545238724021,-3543.052001260641,-4646.233319516746,-5911.065995694378,-6886.227609390504,-7228.562849688613,-8219.89214491716,-9546.671785050226,-10344.624032521935,-10548.790691523478,-10400.807552775888,-9445.25871508242,-7266.233580786903,-6466.884677957091,1309.0657980725016,14591.54074145603,17126.811886776108,17824.255618102445,13566.522342605193,6791.15421402716,-1079.0663166266593,-7543.007160475847,-13457.23317535504,-10215.777739227242,-6436.901013238382,-3932.6936113799015,-3552.2807395414766,-9292.530354886801,-13651.717896538725,-10702.501399551962,-9372.585255501295,-5309.084044092494,3440.9037164756996,3661.3945200735393,701.642684720223,2013.6833679048561,572.862854959212,-2927.785279717917
C,-3275.431257749013,-16612.75216102305,-7074.5515756320465,876.1579269388988,377.89765215177835,-0.0,-1063.7525157900534,-4879.192412833226,-10576.180466660784,-16535.38460282354,-9718.984206341942,-4721.165509148833,-11128.784394110244,-4210.140993684973,-507.37605501087717,-2778.5610510447814,-10680.5614487929,-15967.11974112255,-11138.013181717477,-7360.819164743081,-2399.653186773812,3179.0925888814495,5730.440127873254,5064.457190274444,4244.991693189704,5918.283402389342,1485.0145062018796,-1487.235040565136,-4245.598901134958,-6016.712463594247,-9040.234068730744,-4378.946236738233,-1991.1294410541457,-3314.8757568679844,-10390.250375318341,-15224.01599968329,-11407.736909077892,-8483.410733477001,-3611.750643552098,3792.179357059559,9894.917009632074,9765.337141831224,12308.10944418547,7107.859749419658,1037.5673812287507,-5126.205348202331,-8216.471110377875,-7367.897605162119,-9669.609514515729,-5512.958833125177,-3022.814660776661,-3579.6025983400505,-9847.145008877127,-13955.61577907738,-10965.012442449539,-8494.407242747546,-3733.801241938853,-2595.6467866407015,-3165.155230254562,-4268.335391486348,-5533.168067663985,-6508.994251847558,-6850.664921658217,-7842.608659438067,-9168.773725390523,-9966.72597591858,-10170.892752644226,-10023.41541240185,-9067.361136098101,-6888.335725746665,-6088.986658407199,1686.9635147761257,14969.439094863777,17504.70987652498,18202.15360884767,13944.420680732655,7169.052149574914,-701.16874082827,-7165.1092324454485,-13079.335247324643,-9837.881268286446,-6059.003544488587,-3554.795994442702,-3174.383120840305,-8914.633419695932,-13273.820177953863,-10324.603653325887,-8994.687477161324,-4931.184324519741,3818.801169538917,4039.2931713585263,1079.5402671788288,2391.5809978798243,950.7607268050547,-2549.8877244032083
N,-2211.6785809278567,-15548.998507610791,-6010.809390156389,1939.9105510171532,1441.6501730088294,1063.7525157900534,-0.0,-3815.4397135489335,-9512.45575060186,-15471.632571740978,-8655.231616165043,-3657.4137743248966,-10065.323184741068,-3146.3890952298484,556.3764539125096,-1714.8091389091105,-9616.809012112497,-14902.979785539463,-10074.260571652861,-6297.06648297635,-1335.9008735349032,4242.845310662362,6794.192658640359,6128.209456742867,5308.744212473003,6982.036060586738,2548.76720378956,-423.48237041061077,-3181.846188141308,-4952.959963951017,-7976.481450096631,-3315.194276912201,-927.3769639564874,-2251.1231726867286,-9326.497758355654,-14160.262684389852,-10343.986055363586,-7419.658150287389,-2547.9980070374772,4855.931848200248,10958.669677457445,10829.089810892921,13371.8621129957,8172.135219773968,2101.3197751764656,-4062.452701870572,-7152.718464046113,-6304.145529277415,-8605.856988535967,-4449.206120423098,-1959.0621893602868,-2515.8497306025356,-8783.39396032372,-12891.867128218373,-9901.25997290087,-7430.653547690218,-2670.0469997762784,-1531.8941184959992,-2101.402739113869,-3204.5838364456563,-4469.416028121802,-5444.577035028347,-5786.912798611265,-6778.24157055501,-8105.021079058764,-8902.973329586823,-9107.139997038284,-8959.157298603199,-8003.608516722188,-5824.584186878931,-5025.235607908956,2750.7160059168173,16033.223659804544,18568.46254412293,19265.906277370388,15008.173350074801,8232.804333741007,362.584790615936,-6102.239412785082,-12015.582600992879,-8774.130203168957,-4995.249459632245,-2491.042052853923,-2110.630684842018,-7850.8809499003,-12210.067712774002,-9260.852061335316,-7930.934981059031,-3867.4319200942805,4882.553696687285,5103.045662499215,2143.29322830864,3455.3335348576957,2014.5131405623138,-1486.1353668629515
O,1603.7610574717878,-11733.55908819033,-2195.3696446059907,5755.350336407169,5257.090325540187,4879.192412833226,3815.4397135489335,-0.0,-5697.028772413581,-11656.190245069616,-4839.804215798555,158.02603402487438,-6249.592116304977,669.0507554536385,4371.816655017672,2100.6307876174938,-5801.36927319099,-11087.540038720188,-6258.822030040415,-2481.6279539092584,2479.5389910162444,8058.285055734453,10609.632927531495,9943.649304568538,9124.183812238394,10797.475664031303,6364.206654233057,3391.9572328126987,633.5932376159891,-1137.520650451996,-4161.042462390256,500.2451486619583,2888.0628937401275,1564.3162380686797,-5511.059024649294,-10344.824103613653,-6528.546146137574,-3604.2184118450914,1267.441728795532,8671.372068764023,14774.109419078177,14644.529553295542,17187.301861214793,11987.575110292164,5916.75984148601,-247.01362046091438,-3337.2787311478955,-2488.7064845826394,-4790.41846598816,-633.766430762874,1856.377579428941,1299.590003263686,-4967.955490410391,-9076.427032868025,-6085.820469035296,-3615.215068435691,1145.3922659007608,2283.5456332649364,1714.0369982816824,610.8558260965857,-653.9766474462876,-1629.1382011364399,-1971.4734396979215,-2962.8027138996795,-4289.581877117898,-5087.533596688603,-5291.70073961987,-5143.717041840783,-4188.169604005385,-2009.144421225424,-1209.7956265901867,6566.156139330342,19848.631179849177,22383.902294558007,23081.34602794416,18823.613092693442,12048.243738571518,4178.023052236455,-2285.9177118314506,-8200.142868094657,-4958.690176250605,-1179.813710427051,1324.3966922146105,1704.8079012040855,-4035.4395871643596,-8394.62726534751,-5445.412291276239,-4115.495023080354,-51.9924033589425,8698.027989907949,8918.484490805084,5958.732975477281,7270.773647848161,5829.9531227014995,2329.30430298003
F,7300.928845341797,-6036.51389381002,3501.6756575333147,11452.395307084696,10954.135675330537,10576.180466660784,9512.45575060186,5697.028772413581,-0.0,-5959.147585940036,857.2531075230878,5855.072082079569,-552.5470092338826,6366.096821078525,10068.862119266936,7797.6766870561,-104.32448145550492,-5390.4958865252265,-561.7764610421143,3215.4178726906543,8176.598509508421,13755.33004449795,16306.677863613651,15640.694714951818,14821.229029960821,16494.521096949873,12061.252030210426,9089.00244657854,6330.638535683781,4559.525028739462,1536.0031357137168,6197.291807689663,8585.108835462423,7261.362404573897,185.98659683626235,-4647.781028605724,-831.5006447529389,2092.8267569239424,6964.487873123895,14368.417686389226,20471.155002145515,20341.574809624934,22884.346670276565,17684.620024421627,11613.804766473177,5450.031896527231,2359.7651758957363,3208.338451581715,906.6269937601276,5063.27854008016,7553.424133623806,6996.6346631175875,729.0912349953735,-3379.382251026409,-388.77514855883396,2081.830188101476,6842.437206916862,7980.59135555288,7411.0816401824695,6307.900594778306,5043.068079528986,4067.906565262611,3725.57137740596,2734.242102440857,1407.4626085299842,609.5101893286186,405.343693701631,553.3272987310258,1508.876023084586,3687.901197835708,4487.250152804115,12263.201756206352,25545.676428956413,28080.947807111253,28778.39127764033,24520.65765260989,17745.28918820357,9875.069908171301,3411.12646379556,-2503.099904433185,738.3549900930874,4517.234518564037,7021.442848839397,7401.854129783029,1661.6036152821296,-2697.5825885695663,251.63552615124001,1581.5496018485528,5645.052278099952,14395.08105464321,14615.532103220974,11655.778349987815,12967.819918260055,11527.000003853089,8026.351428694555
Ne,13259.953774527043,-77.36633146564695,9460.82308838453,17411.489980290087,16913.282973262903,16535.38460282354,15471.632571740978,11656.190245069616,5959.147585940036,-0.0,6816.4057233355115,11814.219369192104,5406.315003972508,12325.244677452687,16028.00950082587,13756.823808647843,5854.823474580822,568.6518258700798,5397.372096664816,9174.566113193312,14135.732035730913,19714.477427188634,22265.824977457625,21599.842318764764,20780.252298709493,22453.6684128912,18020.399618534328,15048.025759059887,12289.786218550478,10518.67207128842,7495.151051053861,12156.43919668444,14544.256486219554,13220.51005428667,6145.1345453794775,1311.3667483331371,5127.646956552998,8051.976167873167,12923.635645584203,20327.565451957704,26430.30141052498,26300.721444367584,28843.493699785988,23643.76691660054,17572.424319975107,11409.178916887835,8318.913801879531,9167.486754527148,6865.775283723023,11022.427391962286,13512.572092520211,12955.783683452368,6688.240322238657,2579.7657169773065,5570.373299151379,8040.9788339768,12801.586449458386,13939.738852480248,13370.230255891523,12267.048983989458,11002.216337352153,10027.054759768009,9684.719566862464,8693.39071870912,7366.611238054878,6568.659004846327,6364.492343299398,6512.47547072605,7468.023989743993,9647.066899876847,10446.397844493198,18222.349129667124,31504.8239578189,34040.09352483837,34737.53773935928,30479.80481444894,23704.43575745067,15833.386380697471,9370.275716924605,3456.0478023195255,6697.503579326327,10476.38433262937,12980.592435517305,13361.003914776604,7620.752807572235,3261.565379404984,6210.7814421301155,7540.698595440476,11604.200824665932,20354.189191184607,20574.67947664478,17614.927040549406,18926.967404463176,17486.146651502375,13984.607307227754
Na,6443.552860563622,-6893.76717001696,2644.4222298739905,10595.141933670764,10096.881901502491,9718.984206341942,8655.231616165043,4839.804215798555,-857.2531075230878,-6816.4057233355115,-0.0,4997.763488898766,-1409.8001616769477,5508.843165705071,9211.608597607035,6940.423022668666,-961.5777688454375,-6248.051171331093,-1419.0299370474183,2358.1645922897683,7319.3315481738655,12898.076830675884,15449.424422313363,14783.441374601329,13963.975698943359,15637.267458054586,11203.998609073951,8231.749255034872,5473.385334456532,3702.27137042103,678.7497708027998,5340.038077815056,7727.8553347825555,6404.109179509373,-671.2666729253169,-5505.033996192325,-1688.75442257595,1235.5735882618221,6107.234771030527,13511.164185805348,19613.90117422717,19484.321155681228,22027.092995554656,16826.928454564357,10756.55221622671,4592.778496205864,1502.512249457699,2351.085343460813,49.3732375295554,4206.025432662365,6696.1707423662065,6139.3828368025315,-128.16308892065274,-4236.634337763545,-1246.0280952877679,1224.5769088697052,5985.184099333734,7123.33797222683,6553.828532204334,5450.647254933405,4185.816073927201,3210.653187048009,2868.318030559063,1876.459404870516,550.2094872755905,-247.74278887231083,-451.90943503502444,-303.9263818047553,651.6225873243106,2830.6479552748383,3629.9967656815757,11405.94825490423,24688.423132604894,27223.69335023475,27921.137040030746,23663.40465243615,16887.340797913297,9017.816022497414,2553.873674209759,-3360.352936345921,-118.89913825178392,3659.9815204038564,6164.189741364561,6544.601022242481,804.3507462548603,-3554.836151012924,-605.6198820211736,724.2966450001064,4787.799249804196,13537.823066272218,13758.278101124442,10798.526314808332,12110.56725553846,10669.746438667531,7169.097863508998
Mg,1445.7347559194204,-11891.585807740963,-2353.395996307645,5597.3384706876395,5099.063434313087,4721.165509148833,3657.4137743248966,-158.02603402487438,-5855.072082079569,-11814.219369192104,-4997.763488898766,-0.0,-6407.618999098232,511.0245938303655,4213.789967323454,1942.604705723099,-5959.395952364562,-11245.56678629062,-6416.8472673473125,-2639.6535383688256,2321.5127315328814,7900.258249998958,10451.605850899736,9785.622720474457,8966.157038890728,10639.449202967431,6206.1809682477515,3233.9313778605465,475.5674427954411,-1295.5470774635064,-4319.068334879015,342.2190026960205,2730.0369041533218,1406.2899653387517,-5669.084398173746,-10503.660404719916,-6686.571303066824,-3762.244840462695,1109.4152739937897,8513.345462728976,14616.082445766788,14486.038837038006,17029.274922540084,11829.548290998911,5758.733635964335,-405.03929115722815,-3495.3057039930354,-2646.7331560764137,-4948.44327293939,-791.7935651716681,1698.3510463349028,1141.5623062552313,-5125.9808600261285,-9234.45340715119,-6243.845988008944,-3773.2408554456524,987.3652118660524,2125.518571554514,1555.253383952683,452.82897372939203,-812.0035012085183,-1787.1649949662199,-2129.5002591923035,-3120.8288105019305,-4447.608319005687,-5245.560569533743,-5449.727236985205,-5301.744173919237,-4346.195292541337,-2167.170119143823,-1368.2825830089437,6408.129963560217,19690.60449464232,22225.874745783603,22923.318868160197,18664.929345378565,11890.217278283404,4019.9973998560813,-2443.9445740156402,-8358.169840939792,-5116.71702404354,-1337.8371989612806,1166.370627948816,1546.7818322877226,-4193.467063422831,-8552.65195330896,-5603.4380617924935,-4273.521122913374,-210.0178359425484,8539.967424443606,8760.45943047539,5799.615825611824,7112.748658339969,5671.9273114092775,2171.2789453304777
Al,7853.352867184645,-5483.967145938747,4054.571754181009,12004.94229781384,11506.682391393735,11128.784394110244,10065.323184741068,6249.592116304977,552.5470092338826,-5406.315003972508,1409.8001616769477,6407.618999098232,-0.0,6918.643537941454,10621.408969012773,8350.223572679806,448.2225113721338,-4837.947862957468,-9.229547677413471,3767.9649138710242,8729.131810719851,14307.877118917579,16859.224717156994,16193.241594958094,15373.937294736987,17047.067985858062,12613.798880545668,9641.710755087379,6883.335481570087,5112.071757720957,2088.549947664933,6749.837957967939,9137.655640562762,7813.909525512548,738.5332746569708,-4095.2336060405883,-278.9542338441424,2645.3740328627223,7516.992966037142,14920.91622389986,21023.70151023546,20894.121688686824,23436.89401522715,18237.166995735657,12166.1093160026,6002.5787698182785,2912.31291754567,3760.8861504816055,1459.1736383188927,5615.825802056592,8105.971113563142,7549.18320636146,1281.6371630035628,-2826.8353061427365,163.7735509767428,2634.3776171251375,7394.985972389436,8533.138332597455,7963.629511080404,6860.4483051374555,5595.615699906701,4620.454140296677,4278.1189451540695,3286.7893651272293,1960.0098712147283,1162.057637175801,957.8909841974051,1105.8741211073677,2061.4229544643813,4240.349103786941,5039.797510770476,12815.748878789922,26098.22316855383,28633.49437090005,29330.960848655617,25073.204530870174,18297.835900744347,10427.071376724964,3963.6750565735147,-1950.5525237833976,1290.901272451048,5069.781894323253,7573.990111110932,7954.401392153889,2214.1515425559137,-2145.0354969134346,804.1804507740189,2134.097078633858,6197.599629123197,14947.588920769376,15168.078967656524,12208.326534075135,13520.36689801497,12079.54614516306,8578.292303255244
Si,934.7102479035743,-12402.61015539741,-2864.4205249940073,5086.2989070488775,4588.038786655284,4210.140993684973,3146.3890952298484,-669.0507554536385,-6366.096821078525,-12325.244677452687,-5508.843165705071,-511.0245938303655,-6918.643537941454,-0.0,3702.7653143655466,1431.580047260337,-6470.420584491556,-11756.591394192485,-6927.872114820186,-3150.678630199707,1810.488268793425,7389.236174717953,9940.581146112267,9274.59817086616,8455.146809815487,10128.424549793825,5695.1718187337365,2722.9065917445564,-35.45745251342185,-1806.5714865817056,-4830.092990383028,-168.80546817069472,2219.0120548439745,895.2655311017693,-6180.109340276652,-11013.87452663569,-7197.5958508872545,-4273.269441289624,598.3907316667392,8002.321019842911,14105.05815243883,13975.47813501564,16518.250217074292,11318.523991074486,5247.708903707258,-916.0646354093358,-4006.330304791623,-3158.211292928649,-5459.468539442286,-1302.8175502404563,1187.3260641848033,630.537942087735,-5637.005877825789,-9745.478033213592,-6754.870587435183,-4284.2655980627405,476.3404187689413,1614.493991752537,1044.9854532777283,-58.19581095896316,-1323.0281495051443,-2298.1888757738566,-2640.524116071968,-3631.853411300518,-4958.63291980427,-5756.585245866649,-5960.7519048681925,-5812.768766120603,-4857.21993403882,-2678.1889810419248,-1878.8469764099275,5897.104906614559,19179.58002512175,21714.849868107416,22412.29402226508,18154.561522696124,11379.192741677407,3508.972852855369,-2954.9694521168717,-8869.19444173839,-5627.742022278224,-1848.8609924429575,655.3457874764968,1035.757063151346,-4704.4916031900075,-9063.67796999408,-6114.4627231493705,-4784.545783199412,-721.0447790083558,8028.943043020306,8249.434949560802,5289.6821628450025,6601.724075102802,5160.903258231867,1660.2541295581775
P,-2768.0551781611134,-16105.376137618745,-6567.186400198941,1383.5339419572606,885.2737944720669,507.37605501087717,-556.3764539125096,-4371.816655017672,-10068.862119266936,-16028.00950082587,-9211.608597607035,-4213.789967323454,-10621.408969012773,-3702.7653143655466,-0.0,-2271.1853745133176,-10173.185686574381,-15459.356593841127,-10630.637406232394,-6853.44344412726,-1892.2770890320553,3686.468323821556,6237.8160292136645,5571.833476182788,4752.367427168136,6425.659126598586,1992.390713962453,-979.8588450009365,-3738.2232812142993,-5509.337068066216,-8532.858406445746,-3871.570544793619,-1483.7535650157251,-2807.49909869277,-9883.251706066369,-14717.336125882848,-10900.361236957058,-7976.033564431211,-3104.374669426445,4299.555404540059,10402.292595947436,10272.712525468856,12815.485037250086,7615.758902931597,1544.9432549862158,-4618.829888783586,-7709.095713628171,-6860.52214574337,-9162.233866385171,-5005.583464924345,-2515.439696341212,-3072.2276003351108,-9339.769338239219,-13448.240108396632,-10457.636505315648,-7987.031118653592,-3226.425193250568,-2088.2717441114373,-2657.7786138115,-3760.9599320675998,-5025.792608245236,-6000.9542219413615,-6343.289550352891,-7334.618845337515,-8661.398332883473,-9459.350663994415,-9663.517316906451,-9515.534169775068,-8559.9853529132,-6380.960048115627,-5581.611604139213,2194.33901503953,15476.81428788516,18012.085755945744,18709.528850690353,14451.254372832398,7676.4271927732125,-193.79283594408813,-6657.733773026704,-12571.959985085105,-9330.505597623618,-5551.627168330071,-3047.41849283015,-2667.007123049238,-8407.257295848493,-12766.443771078923,-9817.227566401387,-8487.310726409576,-4423.809747468464,4326.176955274694,4546.6683142855145,1586.9163814259123,2898.9570318538217,1458.1368893333147,-2042.5113579588717
S,-496.86948129439423,-13834.190004744763,-4296.000878102065,3654.7189336568194,3156.7067123791217,2778.5610510447814,1714.8091389091105,-2100.6307876174938,-7797.6766870561,-13756.823808647843,-6940.423022668666,-1942.604705723099,-8350.223572679806,-1431.580047260337,2271.1853745133176,-0.0,-7902.000381249858,-13188.171229692187,-8359.452028005335,-4582.258103337182,378.9082354260727,5957.6536655697155,8509.001314218758,7843.018169555659,7023.5527376769705,8696.844481956596,4263.5669567076175,1291.3266414928237,-1467.0374344271113,-3238.1516295780443,-6261.673010424262,-1600.3851857044776,787.4317941972272,-536.3146315076976,-7612.029334401493,-12445.454514790836,-8629.175858047083,-5704.848520302262,-833.189275558682,6570.740982180848,12673.478180196327,12543.897692664423,15086.669914287904,9886.943817809282,3816.1284104963247,-2347.6448341594823,-5437.910371080446,-4589.336808093645,-6891.048489953342,-2734.3981357269217,-244.25305259797503,-801.0412708325928,-7068.583957961013,-11177.057999375744,-8186.451026407564,-5715.845758234815,-955.2386196547623,182.91360545633316,-386.59467088434104,-1489.7757426092217,-2754.6072705955135,-3729.768884291638,-4072.10412458975,-5063.433500990744,-6390.212990335743,-7188.1652390160525,-7392.331900032875,-7244.348763624795,-6288.799994442257,-4109.774690243895,-3310.4262347869717,4465.52488972371,17747.999712018882,20283.270351492723,20980.70567946377,16722.981486379857,9947.612731333747,2077.392996726293,-4386.548435376979,-10300.774450256176,-7059.3202173501695,-3280.441910696392,-776.23268830006,-395.82118142183975,-6136.072045878966,-10495.258296431914,-7546.042103186871,-6216.125263069967,-2152.6243004314674,6597.363006028149,6817.854930335881,3858.1017871688678,5169.331368399222,3729.32275676772,228.67385477352076
Cl,7405.130166057685,-5932.189899647546,3605.9996764024872,11556.719344786297,11058.459318756259,10680.5614487929,9616.809012112497,5801.36927319099,104.32448145550492,-5854.823474580822,961.5777688454375,5959.395952364562,-448.2225113721338,6470.420584491556,10173.185686574381,7902.000381249858,-0.0,-5286.170733745162,-457.45198716177873,3319.7425606437055,8280.908831320501,13859.654260133853,16411.152895107567,15745.018690637784,14925.553206751434,16598.84502539332,12165.575998430633,9193.32664485387,6434.962765804956,4663.849028393284,1640.3275826180522,6301.615352253407,8689.439016882861,7365.686566586711,290.3107628441303,-4543.4562620123925,-727.1766724931858,2197.151526711055,7068.811983750009,14472.741557838533,20575.478420904976,20445.898456408228,22988.671052272824,17788.944531727808,11718.129134339548,5554.355989868069,2464.090047027239,3312.663410356181,1010.9511377301438,5167.6040448791855,7657.748617601909,7100.960334068459,833.4147192032644,-3275.0577222738657,-284.44872459729066,2186.155137655861,6946.763102920847,8084.915488001451,7515.406781271115,6412.225509249722,5147.016783653083,4172.231380005175,3829.8962905388066,2838.56701515192,1511.787375302056,713.8351977349088,509.66846895777434,657.6515307531319,1613.2005149750275,3792.2260131079465,4591.574369748903,12367.525804136516,25650.0002348455,28185.225457600336,28882.715171702563,24624.981912505573,17849.61319241344,9979.394010247404,3515.4517067269726,-2398.7750776913667,842.6786001449681,4621.55966742243,7125.767509917854,7506.178790851115,1765.9290939229052,-2593.2582026124305,355.960298977051,1685.8746042069172,5749.377094803805,14499.36432037004,14719.856001520488,11760.104178226902,13072.143929655675,11630.72108341655,8130.674793173195
Ar,12691.3009717101,-646.0181434408701,8892.170348151298,16843.3015597603,16344.6302803891,15967.11974112255,14902.979785539463,11087.540038720188,5390.4958865252265,-568.6518258700798,6248.051171331093,11245.56678629062,4837.947862957468,11756.591394192485,15459.356593841127,13188.171229692187,5286.170733745162,-0.0,4828.719290240456,8605.913265374918,13567.079490937795,19145.8251213054,21697.38586234523,21031.189533571356,20211.72404798486,21885.015891620133,17451.746864519926,14479.497385761713,11721.133491822084,9950.019759722754,6926.498243499378,11587.78614415387,13975.603334723672,12651.864074373496,5576.481991402862,742.7149344810366,4558.995443741877,7483.323186865158,12354.982858013587,19758.91232556449,25861.66086645359,25732.069473789412,28274.84178831362,23074.97951002171,17004.299926574662,10840.526707281637,7750.260770838365,8598.834119018224,6297.122945386913,10453.775149461319,12943.919409903205,12387.13155224968,6119.58630888435,2011.113569615867,5001.721201021644,7472.328461036415,12232.934438072909,13371.086548165738,12801.577535227138,11698.39590923437,10433.563203961236,9458.125070253405,9116.066026980754,8124.5107019806355,6797.958090128598,6000.005848710527,5795.839202017284,5943.822773953768,6899.371218677847,9078.39674540093,9877.74511879325,17653.696361947023,30936.17037517429,33471.44351207092,34168.90206028122,29911.153092026783,23135.39100627726,15265.563550648661,8801.62185408922,2887.3964253903064,6128.851394274189,9907.732332883992,12411.940572713205,12792.352180509324,7052.100592472083,2692.913162386989,5642.128886597223,6972.046522799693,11035.548644832043,19785.535173177468,20006.02683621064,17046.274453585476,18358.314810821128,16917.493346239255,13416.845542585452
K,7862.5830055260285,-5474.738521897366,4063.452110786082,12014.17108788637,11515.910663422628,11138.013181717477,10074.260571652861,6258.822030040415,561.7764610421143,-5397.372096664816,1419.0299370474183,6416.8472673473125,9.229547677413471,6927.872114820186,10630.637406232394,8359.452028005335,457.45198716177873,-4828.719290240456,-0.0,3777.1939579222835,8738.360297154943,14317.105756336947,16868.453330254117,16202.470127657041,15383.004619900303,17056.296546860773,12623.011879157462,9650.778005849907,6892.40117631756,5121.300547248109,2097.779489037511,6759.050936370231,9146.883995617023,7823.137732205263,747.7628068265624,-4086.0032751823637,-269.7246374236495,2654.6039280460177,7526.26350339942,14930.192964202488,21032.93843719083,20903.350455574448,23446.12264260723,18246.395921427287,12175.580627995525,6011.8077152206,2921.541667536545,3770.115269781116,1468.4029696486068,5625.055556039809,8115.19975611906,7558.411852037567,1290.8672362044945,-2817.604953710443,173.0033556173413,2643.6073285282678,7404.214601785434,8542.367543092741,7972.391837933218,6869.677516340926,5604.844864484618,4629.682788600188,4287.347802355997,3296.0183039545536,1969.2389817295307,1171.2870610522198,967.120445584629,1115.103548684356,2070.65199089173,4249.677428959336,5049.025786825001,12824.976598282492,26107.451953322878,28642.736385185544,29340.16617841271,25082.433971097376,18307.064871876315,10436.844733384796,3972.9038299612725,-1941.3228782800152,1300.1310721827006,5079.012491441902,7583.220586285817,7963.632076464779,2223.381551632276,-2135.806039467582,813.410029399111,2143.326650077869,6206.829094984891,14956.815931184348,15177.307379836759,12217.555443760879,13529.59556128852,12088.775517736256,8588.126949377365
Ca,4085.389077201132,-9251.932727958925,286.25788946489615,8236.977072986292,7738.7170272747,7360.819164743081,6297.06648297635,2481.6279539092584,-3215.4178726906543,-9174.566113193312,-2358.1645922897683,2639.6535383688256,-3767.9649138710242,3150.678630199707,6853.44344412726,4582.258103337182,-3319.7425606437055,-8605.913265374918,-3777.1939579222835,-0.0,4961.166449050484,10539.907296141033,13091.259241663625,12425.275726533506,11605.810619935655,13279.102632470844,8845.833442037678,5873.585203968107,3115.2210337710326,1344.107239634815,-1679.4149961900227,2981.872954550176,5369.690147024942,4045.944029601485,-3029.4310591077865,-7863.197098417308,-4046.917744669318,-1122.5908737221316,3749.069443912696,11152.998659007628,17255.735973558818,17126.15582487179,19668.92867608673,14469.201977877769,8398.386699728959,2234.6141465917053,-855.652087506606,-7.078573207709244,-2309.354658179054,1847.8608336042873,4338.005694012987,3781.2169566146686,-2486.326960365584,-6594.798147305402,-3604.1920262361164,-1133.5871808944712,3627.019500224552,4765.172471208117,4195.664672026446,3092.4830677657633,1827.6506014824674,852.488982463719,510.1537708378612,-481.1755417233786,-1807.9550723437108,-2605.9075077950133,-2810.074060837384,-2662.09097472096,-1706.5419534753762,472.4833613581692,1271.831817527767,9047.783034065209,22330.257905498525,24865.528489360524,25562.972205461047,21305.23931389895,14529.870624228324,6659.651625973402,195.70930478184073,-5718.516501873835,-2477.063124378355,1301.8169736125385,3806.025142401203,4186.436423239591,-1553.8132299555327,-5912.999009180032,-2963.784793325993,-1633.867704751317,2429.6339640238225,11179.621636060388,11400.113050580143,8440.361697380644,9752.401559900416,8311.580646407658,4810.932312690289
Sc,-875.7778371998537,-14213.098462753718,-4674.9091005110595,3275.8103929281187,2777.835119047503,2399.653186773812,1335.9008735349032,-2479.5389910162444,-8176.598509508421,-14135.732035730913,-7319.3315481738655,-2321.5127315328814,-8729.131810719851,-1810.488268793425,1892.2770890320553,-378.9082354260727,-8280.908831320501,-13567.079490937795,-8738.360297154943,-4961.166449050484,-0.0,5578.745399338082,8130.103014676212,7464.109929839335,6644.644465223351,8317.93620683935,3884.668003997568,912.4183326677905,-1845.945697500196,-3617.0596485473084,-6640.581272539823,-1979.2934199979366,408.52353541325533,-915.2225187600907,-7990.9009277331115,-12824.362789933697,-9008.084092336352,-6083.756732813154,-1212.097724961214,6191.832752584153,12294.569738867836,12164.989440191937,14707.762188463084,9508.035742089452,3437.2201873438103,-2726.552970964407,-5816.818628741886,-4968.245070557231,-7269.956725684669,-3113.3063175421426,-623.1613573391072,-1179.9503322028825,-7447.4921922153535,-11555.962962389169,-8565.35922134512,-6094.753940056087,-1334.1468683333164,-195.99377169082098,-765.5027343873514,-1868.6837800468868,-3133.5155330591006,-4108.677146755225,-4451.012387053339,-5442.34173653335,-6769.121247997182,-7567.0735662780835,-7771.240219190123,-7623.257072058736,-6667.708273244172,-4488.679035247414,-3689.3345023048323,4086.616666297112,17369.09123095359,19904.361935807883,20601.80572453265,16344.072843805123,9568.70510867628,1698.4847501778286,-4765.4566978405655,-10679.682896053046,-7438.228451606587,-3659.3500925113754,-1155.1412869644764,-774.7310887720562,-6514.980241024304,-10874.16649586604,-7924.95030240893,-6595.033462159562,-2531.532447654984,6218.454806071568,6438.946710802431,3479.1936046745736,4791.2358318448605,3350.414522511493,-150.2343422625738
Ti,-6454.5238598633,-19791.84384004378,-10253.654558876922,-2302.9349103713594,-2801.1946870289426,-3179.0925888814495,-4242.845310662362,-8058.285055734453,-13755.33004449795,-19714.477427188634,-12898.076830675884,-7900.258249998958,-14307.877118917579,-7389.236174717953,-3686.468323821556,-5957.6536655697155,-13859.654260133853,-19145.8251213054,-14317.105756336947,-10539.907296141033,-5578.745399338082,-0.0,2551.3475566312304,1885.3649712885374,1065.8994040808393,2739.1908458748903,-1694.0781835808664,-4666.327733034651,-7424.691613333767,-9195.770038694334,-12219.43146005281,-7558.038815058534,-5170.22161993038,-6493.967782050363,-13569.342882140018,-18403.109143221423,-14586.829563915757,-11662.501889345825,-6790.842302915643,613.0865715449439,6715.824559934967,6586.244499956294,9129.01677494472,3929.2900950212315,-2141.5252881585407,-8305.298292692474,-11395.564059068984,-10547.447467646602,-12848.702179653877,-8692.050157219019,-6201.907327227874,-6758.695262819761,-13026.237562118045,-17134.708432327425,-14144.101419762146,-11673.497799984156,-6912.893477877715,-5774.7386722118135,-6344.247420745528,-7447.428219169738,-8712.26089534737,-9687.422596151273,-10029.757826543388,-11021.087121528019,-12347.866684678278,-13145.818588904796,-13349.985637795779,-13202.002521811535,-12246.453715539175,-10067.42835322235,-9268.079998258323,-1492.1292062613386,11790.345770646241,14325.617495532684,15023.061280458156,10765.328038832331,3989.959051610322,-3880.260444661323,-10344.202191530821,-16258.428261275618,-13016.973826768122,-9238.095711329674,-6733.888153082317,-6353.476996951706,-12093.725838576418,-16452.907934062616,-13503.696820663261,-12173.779618414845,-8110.2782200892025,639.7086718954822,860.2003661321753,-2099.55174536443,-787.5113509537891,-2228.3316746689993,-5728.9790036519635
