element,0,1,2,3,4,5,6,7,8,9,10,11,12,13,14,15,16,17,18,19,20,21,22,23,24,25,26,27,28,29,30,31,32,33,34,35,36,37,38,39,40,41,42,43,44,45,46,47,48,49,50,51,52,53,54,55,56,57,58,59,60,61,62,63,64,65,66,67,68,69,70,71,72,73,74,75,76,77,78,79,80,81,82,83,84,85,86,87,88,89,90,91,92,93,94
H,-0.0,-15859.552501125454,-7262.207841523266,9474.446957958131,13301.510111943855,3047.9892728411714,5050.2999118235,-597.7035552187855,-9842.652844609369,-18348.60027167217,-12364.294982683004,1719.833697640684,13502.751226802236,3131.4161778630805,9197.39771366142,4687.195055967649,-5518.940734738795,-18137.232435149333,-14770.316257325654,-2635.7357389188933,12225.638089121025,16609.761027752513,16665.66615345488,15765.501982916228,15331.99653901892,13818.297362877667,11005.182019651056,7844.00933321047,2174.285279553199,695.25162613437,4949.875323440939,2677.6157351358356,6486.516806328717,4341.16812779066,-3835.070841571221,-16508.886898351775,-15125.905633864537,-4688.376359958167,9860.421464537752,19228.742353057838,20142.833819992884,19556.01041129149,17517.824886966733,14480.498319947365,8520.28026244404,4397.190428556884,-4002.9839109859863,-3125.851819450517,2197.608672327428,-144.36338368426559,4828.783455173653,4250.331163992323,-1309.5957628360911,-11757.569261403829,-16412.34598588658,-5522.12169030602,7312.511187279101,8463.581838798313,7868.445857398457,7288.364272852,6367.010802816969,471.9220011959729,1384.135054311716,3205.8780046936854,4074.4289701931916,4203.186946264909,3983.4825497953298,3713.2294641780277,3450.621540763812,3297.1344455235953,10874.164906936503,20828.677836074923,23321.93273789228,23400.738607998133,21528.507205844016,19543.698189394458,12947.966966450696,8583.0614654549,441.81124486078556,-6317.177478733505,-5144.470537826653,-4316.0032426423895,3472.984789496693,3732.052767436912,-972.1780490834844,-9346.009198690199,-16893.737787215643,-6001.076576515214,5811.246678458895,17148.713345188284,15656.422510417038,14211.900492574778,12690.435221368807,11180.801383484595,9917.861227151121
He,15859.552501125454,-0.0,8597.341202983564,25333.997010539948,29161.060146439155,18907.541898362266,20909.84529112243,15261.839824680335,6016.898870838816,-2489.049028431936,3495.256501957519,17579.375680460173,29362.302909442387,18990.957128478294,25056.93886205012,20546.73086712705,10340.612810012444,-2277.6817479638285,1089.2001569536035,13223.817246834684,28085.190352884554,32469.29244442166,32525.217279462868,31625.03488150906,31191.53128055455,29677.83319692777,26864.718716766114,23703.545062375597,18033.855687645417,16554.804148411215,20809.427964058938,18537.168344073438,22346.06909847943,20200.720524225017,12024.47987978201,-649.3415056919646,733.6458582603539,11171.136441757768,25719.974260677915,35088.29410079354,36002.3871371294,35415.56324036572,33377.377064800006,30340.05015638185,24379.832573804022,20256.743026213804,11856.528053115744,12733.700811699953,18057.163565815106,15715.18954915346,20688.336697739465,20109.884289871192,14549.954498978914,4101.913119269511,-552.7961754709169,10337.427161354519,23172.061312521342,24323.135327364853,23727.999113543818,23147.917411890314,22226.563866079225,16331.530360884335,17243.687494279235,19065.430898045895,19933.98182032826,20062.739689349022,19843.035272851008,19572.784138556857,19310.176257238185,19156.68922616888,26733.71734167386,36688.227613643845,39181.445871481286,39260.29157277896,37388.05944360475,35403.25005140667,28807.519981319674,24442.614837680212,16301.312852169902,9542.378150457705,10715.081554245467,11543.54840213127,19332.538130647557,19591.605872324977,14887.373790458618,6513.4599492981515,-1034.186690709185,9858.473788187652,21670.797892499522,33008.267482408824,31515.97583281144,30071.45355010305,28549.99098226501,27040.356785781813,25777.41634009311
Li,7262.207841523266,-8597.341202983564,-0.0,16736.65580755638,20563.71894345559,10310.199371959301,12312.502764954292,6664.50473238357,-2580.4450226018175,-11086.392495604474,-5102.086861617237,8982.041991508087,20764.960379760803,10393.624604529869,16459.605893658663,11949.402884111365,1743.2674425903163,-10875.024581787886,-7508.110022860187,4626.472583985124,19487.847129116617,23871.970361001622,23927.876614346707,23027.69234229111,22594.188739111723,21080.49065271289,18267.3761707236,15106.217038094162,9436.511566917936,7957.459829894637,12212.084098770483,9939.82491886001,13748.725176768781,11603.376821502017,3427.1353155967026,-9246.685445814386,-7863.698134538048,2573.8310157007254,17122.630479965934,26490.95218722998,27405.078658202216,26818.218897025497,24780.033200887538,21742.70628934965,15782.487528529871,11659.399559928877,3259.2238672329568,4136.356174345275,9459.819529766313,7117.843226954098,12090.99195297981,11512.539440468221,5952.609369902339,-4495.361117233696,-9150.14010645652,1740.0854122633648,14574.713444672721,15725.790175172084,15130.654140471612,14550.573620703824,13629.2200747997,7734.185589238796,8646.342801363642,10468.086236884435,11336.638037328308,11465.395980631882,11245.691561086503,10975.438465159774,10712.83054040167,10559.343462256627,18136.37376647874,28090.883594055853,30584.1403042722,30662.94715805219,28790.715582120418,26805.90618748969,20210.17439726079,15845.273150569414,7704.019772087802,945.0305150078779,2117.737455934663,2946.2046458672157,10735.192620007776,10994.260264778692,6290.029669795975,-2083.800749543525,-9631.531930735051,1261.13195821948,13073.45119727598,24410.921765433242,22918.632033571503,21474.10976340795,19952.644341911986,18443.010398200542,17180.07017128598
Be,-9474.446957958131,-25333.997010539948,-16736.65580755638,-0.0,3827.0639455595247,-6426.458236451934,-4424.15132406745,-10072.154422727335,-19317.104297714683,-27823.05180141402,-21838.746075514468,-7754.617158509282,4028.3123007803215,-6343.034675704876,-277.05383215115523,-4787.25679409856,-14993.391022026586,-27611.683895047747,-24244.767808700308,-12110.18543917503,2751.186151975035,7135.309563708742,7191.218590331026,6291.050540449465,5857.543813543749,4343.845937284561,1530.7309215412201,-1630.4415615059543,-7300.147379902576,-8779.198945508688,-4524.574665859159,-6796.834884324084,-2987.934710247075,-5133.283078931384,-13309.52255952491,-25983.343040440257,-24600.354960386358,-14162.828208709945,385.97230560039486,9754.290273574925,10668.419251249365,10081.558778175877,8043.342915178066,5006.046398680875,-954.2010724493294,-5077.258288683444,-13477.434085873621,-12600.301510893414,-7276.842385350236,-9618.814587603494,-4645.6673691717815,-5224.119706695609,-10784.049966051625,-21232.017650614423,-25886.79761841,-14996.574336207044,-2161.9435858023876,-1010.8661129722166,-1606.002577614879,-2186.084386078386,-3107.437972186408,-9002.473796506789,-8090.316589372601,-6268.573287711176,-5400.022330354172,-5271.264358855528,-5490.96874782736,-5761.221822729045,-6023.8297328495455,-6177.316817578154,1399.7135813825644,11354.224605057649,13847.48086153713,13926.251125376915,12054.055416213116,10069.248495403715,3473.4771726591293,-891.3896756001553,-9032.636349147055,-15791.621499568339,-14618.920338603048,-13790.452486475044,-6001.4662906980075,-5742.398446266094,-10446.629738242025,-18820.45670643884,-26368.188416765246,-15475.525159214605,-3663.2045855738797,7674.266212232199,6181.970925305791,4737.448963857914,3215.9837328804883,1706.3502911202654,443.4101075849781
B,-13301.510111943855,-29161.060146439155,-20563.71894345559,-3827.0639455595247,-0.0,-10253.521173808087,-8251.215229673755,-13899.21852530885,-23144.16829489405,-31650.11579877852,-25665.81004848682,-11581.681272445032,201.24838824986224,-10170.098643583635,-4104.11729191864,-8614.32019267653,-18820.45519282111,-31438.747940599456,-28071.83185355877,-15937.249549988053,-1075.8776392156053,3308.246127015268,3364.1703394570486,2463.9860373550077,2030.480693466213,516.7707598663695,-2296.343863899859,-5457.505204577246,-11127.21149587626,-12606.263023972371,-8351.639156109697,-10623.899217531562,-6814.99729836205,-8960.347355358874,-17136.586604383378,-29810.407046663197,-28427.419105916884,-17989.889943113638,-3441.091582090827,5927.226047064341,6841.355964699404,6254.494969951158,4216.3087778742865,1178.9819857752848,-4781.233408902106,-8904.32103510015,-17304.49808226353,-16427.365489897584,-11103.90461921616,-13445.878632461967,-8472.731927667617,-9051.184265075994,-14611.111633314757,-25059.08168764967,-29713.86167223031,-18823.635608771034,-5989.007668807102,-4837.933189581763,-5433.0692098357995,-6013.150815440639,-6934.504736982499,-12829.535430625961,-11917.378496764402,-10095.63733262619,-9227.086476588382,-9098.32850508975,-9318.031021223109,-9588.284110683258,-9850.893818235732,-10004.38090262633,-2427.351165542656,7527.159768930229,10020.417637982511,10099.223100612307,8226.990896747653,6242.181600781323,-353.54847388170606,-4718.453455008795,-12859.698081899336,-19618.690744472464,-18445.984281233043,-17617.5165313335,-9828.531033180341,-9569.46317334928,-14273.69378053801,-22647.520751297307,-30195.248569995114,-19302.589162949847,-7490.267623584977,3847.196750629451,2354.907318290806,910.3853356980974,-611.0799409967308,-2120.713904388474,-3383.6516773478643
C,-3047.9892728411714,-18907.541898362266,-10310.199371959301,6426.458236451934,10253.521173808087,-0.0,2002.3053059808703,-3645.6978625991906,-12890.64738310673,-21396.59476727003,-15412.289598790308,-1328.16027980108,10454.761950671611,83.42174793276872,6149.403237106036,1639.2000911973591,-8566.934274102536,-21185.227146185218,-17818.311060776243,-5683.730206577401,9177.643531347665,13561.766522990385,13617.69145930598,12717.50728767958,12284.001925403289,10770.301954975548,7957.186774743915,4796.014427490176,-873.6912739548949,-2352.742731869756,1901.8808972410277,-370.37867732143667,3438.5222305331863,1293.1739038688881,-6883.067167320947,-19556.88647045637,-18173.898212462314,-7736.3715469650415,6812.426778330494,16180.747791663101,17094.878208456736,16507.985983993858,14469.830548335201,11432.503648472208,5472.285596478331,1349.1959998964724,-7050.976077438281,-6173.846251812919,-850.3854050724748,-3192.359165147875,1780.7913550911942,1202.3392987644263,-4357.592795654976,-14805.563338787939,-19460.340865075817,-8570.117569961412,4264.516569556999,5415.5905079622,4820.451631807746,4240.370026202904,3319.0165619687505,-2576.0168159845507,-1663.859663644485,157.8857199545821,1026.4346442755907,1155.1944100722487,935.4899773173685,665.2351309406251,402.62721788165175,249.14013290665562,7826.17043647024,17780.68309060877,20273.903280680566,20352.74410323599,18480.512913502193,16495.703517948703,9899.972496087146,5535.067028008951,-2606.182909715195,-9365.171648566977,-8192.464971497542,-7363.99824295434,424.99330762215146,684.058098626582,-4020.172378039904,-12394.003756816961,-19941.732267399053,-9049.072619696228,2763.252197333739,14100.717530250298,12608.428035434386,11163.906029112448,9642.440757912622,8132.806912456805,6869.866504574943
N,-5050.2999118235,-20909.84529112243,-12312.502764954292,4424.15132406745,8251.215229673755,-2002.3053059808703,-0.0,-5648.005429180171,-14892.957563469821,-23398.90837948904,-17414.594826345256,-3330.4657979990884,8452.464253460088,-1918.8834162819232,4147.097830771002,-363.1051386946399,-10569.239720117512,-23187.532590132352,-19820.61650679124,-7686.034187167843,7175.3381659068755,11559.461218071832,11615.386228799456,10715.201955219778,10281.686769269454,8767.98787330738,5954.881625341391,2793.7102660586465,-2875.996180452247,-4355.047709693701,-100.4244530467003,-2372.684082528991,1436.2170984160812,-709.1303566539042,-8885.371304959155,-21559.191731040595,-20176.203658477294,-9738.676862811742,4810.121853485597,14178.442426332076,15092.572811520191,14505.7106016108,12467.525143906581,9430.19633026879,3469.980301125586,-653.1092550005984,-9053.282797640933,-8176.151362413865,-2852.690786142054,-5194.664739073262,-221.51451027262237,-799.9661497004598,-6359.898560607411,-16807.866220505675,-21462.646309410095,-10572.422860307097,2262.2070855239817,3413.2851504927535,2818.14868585009,2238.0668773865846,1316.7132912785628,-4578.3223138573785,-3666.1651661986275,-1844.4214803902769,-975.8688893119181,-847.1127141809178,-1066.8171083197537,-1337.0685121057593,-1599.6764159239426,-1753.1634666693608,5823.864954322805,15778.375924863676,18271.599632977544,18350.43879831744,16478.207503103305,14493.39553195946,7897.6672020924,3532.7617383111656,-4608.487982646697,-11367.473917492429,-10194.769974783849,-9366.303486880362,-1577.3148607901092,-1318.2470154886355,-6022.478253156132,-14396.308953945118,-21944.03701259668,-11051.388495141335,760.9474878604442,12098.409743417536,10606.12234900402,9161.600387561197,7640.135156585259,6130.501347424436,4867.561213252077
O,597.7035552187855,-15261.839824680335,-6664.50473238357,10072.154422727335,13899.21852530885,3645.6978625991906,5648.005429180171,-0.0,-9244.95212772771,-17750.90457301445,-11766.591535850856,2317.5372794767272,14100.463065818127,3729.11730361559,9795.09600933618,5284.898406664837,-4921.236417115065,-17539.52928633872,-14172.613203788787,-2038.0319138512573,12823.341388388086,17207.451696954387,17263.377454424513,16363.195056799646,15929.69145534902,14415.993369531385,11602.878885749818,8441.705885122577,2772.0067722046156,1292.9552345624459,5547.567057651814,3275.3193452784003,7084.220779295136,4938.871806675962,-3237.3692077860405,-15911.188599779067,-14528.202460016899,-4090.6730060934287,10458.12497612026,19826.4472734138,20740.574434410162,20153.713862639906,18115.528517430586,15078.201365392653,9117.982434525313,4994.866482299882,-3405.2804162804514,-2528.148031989842,2795.312227544799,453.33870817521205,5426.489128127175,4848.034616522975,-711.8948244900434,-11159.865817880114,-15814.643004059551,-4924.41917271325,7910.209952756673,9061.285393914543,8466.149412475854,7886.067827920187,6964.7143579069125,1069.6812714464602,1981.8383746898924,3803.581409592231,4672.132525319744,4800.890501381424,4581.186104916983,4310.9330193095375,4048.324949166023,3894.837862060194,11471.869243515697,21426.379045874484,23919.63611368415,23998.442058249737,22126.210899371945,20141.401504048634,13545.669180275474,9180.727479305548,1039.5150791848405,-5719.473923541098,-4546.766820416012,-3718.29981807068,4070.6427780582894,4329.75606644155,-374.4744068749751,-8748.305755166486,-16296.036334593126,-5403.383276672845,6408.949637315559,17746.41446775499,16254.126014269406,14809.603996514552,13288.1387253273,11778.504887439072,10515.564731065211
F,9842.652844609369,-6016.898870838816,2580.4450226018175,19317.104297714683,23144.16829489405,12890.64738310673,14892.957563469821,9244.95212772771,-0.0,-8505.947503894358,-2521.641887596556,11562.489821169851,23345.418488572574,12974.068092599307,19040.047890854858,14529.841271235118,4323.713066645095,-8294.579512369191,-4927.665202524938,7206.917987922236,22068.29147925927,26452.402264946326,26508.329605214334,25608.147212981694,25174.64361237763,23660.94404642171,20847.830308526754,17686.657404582063,12016.949342436432,10537.905538145505,14792.519216549921,12520.269277066383,16329.170405185121,14183.822895028696,6007.580734338722,-6666.240199759705,-5283.252822838406,5154.276018049195,19703.075620951826,29071.395390793925,29985.498562972203,29398.66437005526,27360.4783424187,24323.15143977941,18362.933866642692,14239.844338617459,5839.6692938710985,6716.801619764885,12040.262757548016,9698.289050408031,14671.438046878851,14092.985640309778,8533.054891181653,-1914.9156921783913,-6569.694862632902,4320.53069168961,17155.154268831095,18306.236676487446,17711.10046420158,17131.018761637017,16209.665216500953,10314.630831444101,11226.7888552199,13048.532257562742,13917.083178995626,14045.841121814909,13826.136702275297,13555.883605950132,13293.27568560636,13139.788607564964,20716.818964415554,30671.32890648202,33164.557298201704,33243.392702917816,31371.16057690881,29386.35137489866,22790.621112698285,18425.71600300636,10284.464775718818,3525.475802933559,4698.182743824623,5526.649590255898,13315.638203774819,13574.705898794937,8870.474929279424,496.64444725517797,-7051.085799817274,3841.576818383785,15653.896685535365,26991.36883026771,25499.07718385214,24054.55491272422,22533.08947275764,21023.45553018989,19760.515304535667
Ne,18348.60027167217,2489.049028431936,11086.392495604474,27823.05180141402,31650.11579877852,21396.59476727003,23398.90837948904,17750.90457301445,8505.947503894358,-0.0,5984.306456422095,20068.43568516884,31851.36275409409,21480.01892696191,27546.000285436905,23035.787947955927,12829.653931103394,211.36710780150793,3578.2818397838337,15712.866078297478,30574.22791974974,34958.35305407738,35014.275068729585,34114.09365924646,33680.59559843949,32166.896257234406,29353.780943124963,26192.608902876993,20522.89897772948,19043.848100891348,23298.468913914323,21026.21040468567,24835.11010060668,22689.76983369745,14513.529665419997,1839.707150158265,3222.6951168207347,13660.224565927454,28209.02301366871,37577.34352031041,38491.449312991106,37904.588225221014,35866.403769473516,32829.0779045359,26868.860231764378,22745.79229518902,14345.615870857451,15222.750848351629,20546.20986641768,18204.237675102773,23177.385556408015,22598.93301266666,17039.003315133938,6591.031551358887,1936.2530830634828,12826.480843057585,25661.11012256805,26812.184137751105,26217.04781138591,25636.966121671485,24715.61275485098,18820.58139712626,19732.73805158236,21554.479564763085,22423.030630947727,22551.78857461772,22332.084159763315,22061.83106887243,21799.223153515497,21645.736078277012,29222.76634234822,39177.252591238575,41670.5080498976,41749.31119838515,39877.079249629365,37892.27049581984,31296.566524840415,26931.663591479635,18790.413705520725,12031.423572226382,13204.133666361315,14032.598315527996,21821.58694188417,22080.654678800714,17376.424004909077,9002.59163884082,1454.862470193038,12347.52298307323,24159.84887810621,35497.316292145326,34005.02450863515,32560.50213929711,31039.03916453094,29529.404986721755,28266.464535102506
Na,12364.294982683004,-3495.256501957519,5102.086861617237,21838.746075514468,25665.81004848682,15412.289598790308,17414.594826345256,11766.591535850856,2521.641887596556,-5984.306456422095,-0.0,14084.129128800716,25867.056617195478,15495.712790063302,21561.694038542424,17051.485176117207,6845.354876067199,-5772.937687269502,-2406.0228963264767,9728.560483653655,24589.921037805958,28974.04617256494,29029.973512983637,28129.78994439254,27696.284656785814,26182.587181066847,23369.47350405536,20208.302223257062,14538.593217696549,13059.541198597266,17314.161996381994,15041.907312671708,18850.804514168787,16705.4636399938,8529.224158291685,-4144.598376180267,-2761.6104407570015,7675.920332303569,22224.717418978104,31593.037930401682,32507.16670698892,31920.281300044637,29882.096835654218,26844.77096302838,20884.55496124328,16761.48673222523,8361.312773056485,9238.445332320187,14561.874048185398,12219.932194560295,17193.0799356081,16614.627527938403,11054.697745511952,606.7257518064193,-4048.052625656112,6842.172875752403,19676.803144529604,20827.878565100626,20232.742352167286,19652.660650445618,18731.307104604442,12836.273599808219,13748.430736633945,15570.175666052317,16438.72640255719,16567.484259138448,16347.77979747375,16077.526706933035,15814.918821873543,15661.431799197058,23238.460774807096,33192.945554520025,35686.22845373854,35765.034746215795,33892.77496503208,31907.96605592239,25312.26125596117,20947.357996842027,12806.110494031014,6047.0741215355965,7219.825046719613,8048.291900153407,15837.281368415712,16096.349109211063,11392.117288499741,3018.209237505341,-4529.44356294592,6363.218969737309,18175.54598445134,29513.01071887125,28020.719070875708,26576.19936054181,25054.733532670558,23545.0994807874,22282.159035980745
Mg,-1719.833697640684,-17579.375680460173,-8982.041991508087,7754.617158509282,11581.681272445032,1328.16027980108,3330.4657979990884,-2317.5372794767272,-11562.489821169851,-20068.43568516884,-14084.129128800716,-0.0,11782.92748839476,1411.5836612625849,7477.563720026335,2967.360900253442,-7238.773943836717,-19857.06680193606,-16490.15072289958,-4355.5693734775805,10505.804645460948,14889.915628516286,14945.842954358226,14045.660519019444,13612.156824139862,12098.460154923881,9285.346417028923,6124.170417294473,454.46962682517614,-1024.5818981374507,3230.0420802006543,957.7820666600753,4766.68331859876,2621.334526891491,-5554.905887773233,-18228.72637301252,-16845.739596656967,-6408.211155177608,8140.5876976391655,17508.909709991287,18423.03686472493,17836.17715931205,15797.99182876569,12760.66295637073,6800.4469529458165,2677.3571481394238,-5722.8166961831685,-4845.685383752856,477.774974272647,-1864.1985828217064,3108.9497645926713,2530.497652136666,-3029.432073294572,-13477.402680203846,-18132.180213176067,-7241.956943315985,5592.673221740058,6743.748066495497,6148.611987571122,5568.530419839113,4647.177025744068,-1247.8560489939828,-335.6989034720476,1486.044474492171,2354.5954454837856,2483.35341134245,2263.6490155650963,1993.3959356105543,1730.788022428253,1577.300938286033,9154.331783245438,19108.843146122734,21602.098943903555,21680.9054933749,19808.673366560688,17823.864216691712,11228.133260489116,6863.229254321527,-1278.022148612158,-8037.0079931766095,-6864.303981173359,-6035.837407953438,1753.1509947619718,2012.2188587990186,-2692.011831890265,-11065.842926117513,-18613.57101849173,-7720.915826490889,4091.4124875341145,15428.87745027758,13936.588734753741,12492.066716769774,10970.601445507396,9460.967607606832,8198.027451321743
Al,-13502.751226802236,-29362.302909442387,-20764.960379760803,-4028.3123007803215,-201.24838824986224,-10454.761950671611,-8452.464253460088,-14100.463065818127,-23345.418488572574,-31851.36275409409,-25867.056617195478,-11782.92748839476,-0.0,-10371.34382713218,-4305.36543077609,-8815.568824182252,-19021.70362426208,-31639.996469492,-28273.080782533125,-16138.49839740605,-1277.1254049934973,3106.9973252491372,3162.922150970572,2262.737929818843,1829.228284547674,315.53328445514177,-2497.582733773504,-5658.757520131901,-11328.465803361018,-12807.511996961492,-8552.887903003668,-10825.147522599585,-7016.246422525323,-9161.594672551628,-17337.83546491311,-30011.655900545313,-28628.66795333485,-18191.138790531633,-3642.342271959546,5725.977896754102,6640.107336759736,6053.223997426286,4015.0647047259904,977.7337927366651,-4982.483373618223,-9105.572089215722,-17505.746411827102,-16628.614371226173,-11305.153671689346,-13647.127492991693,-8673.978638253804,-9252.432538698107,-14812.360493844484,-25260.330528744995,-29915.11029827455,-19024.88319434709,-6190.2560437149805,-5039.181457237441,-5634.317988347075,-6214.399601338616,-7135.7530042495955,-13030.785120625264,-12118.627422585247,-10296.884143666299,-9428.334730241151,-9299.576760938222,-9519.279822183335,-9789.532912513418,-10052.140813585545,-10205.627864853197,-2628.5987948732604,7325.911405512145,9819.168492246305,9897.94743333012,8025.742771664822,6040.934770659229,-554.828319289982,-4919.701841256212,-13060.950744190492,-19819.939567591733,-18647.23228975881,-17818.76539186322,-10029.77934299929,-9770.711475166063,-14474.939408516118,-22848.769739707004,-30396.497389776556,-19503.84331488565,-7691.516932189912,3645.948576525249,2153.661978543511,709.1394754823328,-812.328397447459,-2321.9621158601403,-3584.902303164846
Si,-3131.4161778630805,-18990.957128478294,-10393.624604529869,6343.034675704876,10170.098643583635,-83.42174793276872,1918.8834162819232,-3729.11730361559,-12974.068092599307,-21480.01892696191,-15495.712790063302,-1411.5836612625849,10371.34382713218,-0.0,6065.981503103074,1555.778335121401,-8650.356344904041,-21268.649212198063,-17901.733131577763,-5767.152262420291,9094.221648883637,13478.334120287003,13534.26114011825,12634.077752558956,12200.574149787873,10686.876058318649,7873.761561320573,4712.588292925475,-957.1129618243699,-2436.1643768891386,1818.4598232589206,-453.8006349147588,3355.1001210960508,1209.751996870141,-6966.487882402362,-19640.308352378062,-18257.320367724074,-7819.793375574326,6729.004698513811,16097.325910160633,17011.45605509393,16424.59407813768,14386.408343703657,11349.08072014416,5388.864668014531,1265.774242592865,-7134.399368226663,-6257.266767916573,-933.8057641761137,-3275.7812553040517,1697.3692197988223,1118.9150522539003,-4441.015043025764,-14888.982845292188,-19543.762934037502,-8653.539645480243,4181.090185811998,5332.168440560475,4737.031986606853,4156.9501843697335,3235.596603292936,-2659.4385205180947,-1747.2813717070517,74.46313088049064,943.0124930479093,1071.7723948086732,852.0679606063857,581.8130081544086,319.2053886262388,165.7183036512432,7742.748647086404,17697.260884688592,20190.51630934129,20269.322273747515,18397.090635892582,16412.281299501585,9816.549470522707,5451.64527732869,-2689.6046655664777,-9448.590674495264,-8275.886433713107,-7447.420075902391,341.5706443006492,600.6393023771425,-4103.594218554663,-12477.425472185172,-20025.15344676039,-9132.499487753474,2679.8298703599853,14017.300862490563,12525.00624677693,11080.484239931997,9559.018968747403,8049.385123885679,6786.4447486583
P,-9197.39771366142,-25056.93886205012,-16459.605893658663,277.05383215115523,4104.11729191864,-6149.403237106036,-4147.097830771002,-9795.09600933618,-19040.047890854858,-27546.000285436905,-21561.694038542424,-7477.563720026335,4305.36543077609,-6065.981503103074,-0.0,-4510.202563231259,-14716.337293680419,-27334.630053582358,-23967.714463063174,-11833.132074801353,3028.2409449442857,7412.363209337973,7468.2783061443215,6568.095781542349,6134.591380302593,4620.898822405842,1807.7829742551598,-1353.3875598591094,-7023.101619179385,-8502.145572487992,-4247.522041392423,-6519.781307681087,-2710.8801222027105,-4856.22857258825,-13032.469225074889,-25706.289638435075,-24323.300928499353,-13885.7724326344,663.0256396357395,10031.344598125606,10945.473851366325,10358.613403035737,8320.426853643488,5283.103742955136,-677.1171784379713,-4800.206159317892,-13200.380408329127,-12323.248299600837,-6999.788195224216,-9341.761407670332,-4368.613727846709,-4947.066124853762,-10506.994224082611,-20954.964526934913,-25609.744202077232,-14719.52003961693,-1884.8898498190963,-733.81527939812,-1328.9511823279602,-1909.0327934309596,-2830.3862602561258,-8725.417003262333,-7813.260277333178,-5991.51908693273,-5122.968329651623,-4994.210357312669,-5213.914717751879,-5484.167655581491,-5746.77557623627,-5900.262666183714,1676.767496846249,11631.27952637228,14124.535586401562,14203.340730903921,12331.109054291843,10346.299717104073,3750.570176786799,-614.3745944757451,-8755.584643794107,-15514.572790476548,-14341.866186070552,-13513.399200792157,-5724.412906970803,-5465.344981334241,-10169.575706229998,-18543.404756373002,-26091.128589303073,-15198.479286009024,-3386.151112555518,7951.314936401047,6459.024803006867,5014.502841479381,3493.0376104613165,1983.4038012736767,720.4276666653768
S,-4687.195055967649,-20546.73086712705,-11949.402884111365,4787.25679409856,8614.32019267653,-1639.2000911973591,363.1051386946399,-5284.898406664837,-14529.841271235118,-23035.787947955927,-17051.485176117207,-2967.360900253442,8815.568824182252,-1555.778335121401,4510.202563231259,-0.0,-10206.139097775844,-22824.42847481233,-19457.511936870756,-7322.929551743683,7538.443025585031,11922.560982585055,11978.488753886428,11078.30362819675,10644.8028457285,9131.105370009525,6317.986540750714,3156.8174811233544,-2512.892220778483,-3991.9428837918626,262.6808107897885,-2009.5778440322335,1799.3219232715405,-346.0263363575635,-8522.266648442735,-21196.087088637447,-19813.100664512593,-9375.571848880205,5173.228155580248,14541.548444076803,15455.656255346828,14868.816092014868,12830.629033619605,9793.30237583158,3833.085278082908,-290.00326772465144,-8690.177861974358,-7813.045646392148,-2489.5858527894557,-4831.558664201961,141.590143869183,-436.8631587118164,-5996.793349013049,-16444.761696246806,-21099.542089059243,-10209.318619732865,2625.3123632052816,3776.3494033319275,3181.222283176522,2601.169206116718,1679.8162984253552,-4215.217236352979,-3303.059956617661,-1481.316363183944,-612.765437068617,-484.00747289528596,-703.7118704770626,-973.964951062527,-1236.5728640757732,-1390.0599471898024,6186.970272924976,16141.481963084,18634.714989882585,18713.54442376298,16841.31093303218,14856.501711119052,8260.773365886611,3895.8674370772774,-4245.382845900601,-11004.370788541639,-9831.662073437426,-9003.196563073489,-1214.2099272892876,-955.1420654828821,-5659.373041561768,-14033.200783037308,-21580.9318735455,-10688.266350751204,1124.0531278580024,12461.52137676363,10969.227876763853,9524.705858867414,8003.24058763576,6493.606749746169,5230.666588727077
Cl,5518.940734738795,-10340.612810012444,-1743.2674425903163,14993.391022026586,18820.45519282111,8566.934274102536,10569.239720117512,4921.236417115065,-4323.713066645095,-12829.653931103394,-6845.354876067199,7238.773943836717,19021.70362426208,8650.356344904041,14716.337293680419,10206.139097775844,-0.0,-12618.292728851906,-9251.377121864505,2883.205678738363,17744.57140054439,22128.70128042127,22184.62605114142,21284.44464165828,20850.93608881953,19337.237120044945,16524.121737816753,13362.949723249332,7693.243455489485,6214.192085853115,10468.815402347518,8196.556221177549,12005.460526169809,9860.109096632827,1683.8678730059025,-10989.952164953636,-9606.965322332393,830.5634276185392,15379.362554401416,24747.682783249245,25661.793462182024,25074.93524021235,23036.750769976432,19999.42488278848,14039.207185328693,9916.130674817758,1515.9565738589083,2393.0888244427565,7716.527160310207,5374.575985098704,10347.724980375837,9769.272573660248,4209.314820957478,-6238.629701010839,-10893.406281559397,-3.180060278184914,12831.445439934143,13982.523609844364,13387.3873975609,12807.305695212592,11885.952149347628,5990.918036047437,6903.075795895309,8724.819190920198,9593.370112033603,9722.128055346697,9502.423635807514,9232.17053988195,8969.562619300481,8816.075541261604,16393.105779150424,26347.598658119416,28840.8540713377,28919.65821191788,27047.426251066772,25062.617488893397,18466.90688894793,14102.001522494824,5960.7521215669685,-798.2369277822798,374.47001324076547,1202.9370424107015,8991.891864234693,9250.993096284505,4546.718447044867,-3827.0694812342567,-11374.799022890887,-482.12984477816434,11330.184501030968,22667.655763845985,21175.364117217592,19730.841846459483,18209.378257327204,16699.744051419668,15436.80361486658
Ar,18137.232435149333,2277.6817479638285,10875.024581787886,27611.683895047747,31438.747940599456,21185.227146185218,23187.532590132352,17539.52928633872,8294.579512369191,-211.36710780150793,5772.937687269502,19857.06680193606,31639.996469492,21268.649212198063,27334.630053582358,22824.42847481233,12618.292728851906,-0.0,3366.9153681375305,15501.498466982199,30362.87991785434,34747.00532348584,34802.91882082576,33902.73465571266,33469.229254712685,31955.530100662698,29142.414685578522,25981.242825105735,20311.536508760648,18832.485044614616,23087.108836410865,20814.849258124726,24623.7623703682,22478.405741047663,14302.158963729513,1628.3399457061284,3011.3276590542664,13448.857902176673,27997.648004751798,37365.9610256411,38280.10260353314,37693.24352907169,35655.05621662721,32617.72738699618,26657.51009778973,22534.41992441415,14134.240386587011,15011.376331561572,20334.830595363088,17992.861239631027,22966.00838346909,22387.56544131823,16827.63561422292,6379.664572608,1724.888395585461,12615.10051036584,25449.742639355652,26600.816413244876,26005.680211096394,25425.598519237108,24504.2449744566,18609.211207138516,19521.36909346432,21343.103735782206,22211.658051830822,22340.410920630628,22120.70722474105,21850.454048626307,21587.85038883419,21434.362199257437,29011.405732261446,38965.89403812198,41459.15715122916,41537.96352303904,39665.728680497254,37680.92117562404,31085.19013747307,26720.279850328105,18579.04678159419,11820.05702063581,12992.733547717431,13821.230617130952,21610.219296665462,21869.28702440076,17165.056366015448,8791.22473849117,1243.4953623914284,12136.177982196961,23948.481564208556,35285.94885917679,33793.65677235456,32349.134745292115,30827.669926229053,29318.035887698494,28055.09563835519
K,14770.316257325654,-1089.2001569536035,7508.110022860187,24244.767808700308,28071.83185355877,17818.311060776243,19820.61650679124,14172.613203788787,4927.665202524938,-3578.2818397838337,2406.0228963264767,16490.15072289958,28273.080782533125,17901.733131577763,23967.714463063174,19457.511936870756,9251.377121864505,-3366.9153681375305,-0.0,12134.588583010844,26995.96447691996,31380.077982792176,31436.00284841737,30535.818436269605,30102.312524821184,28588.613942917007,25775.49826335916,22614.32644356944,16944.620445506454,15465.568954996017,19720.192475902026,17447.932591412005,21256.834284111592,19111.490503855213,10935.247703319808,-1738.575376565915,-355.58755570379856,10081.941784951674,24630.732297922605,33999.04687760696,34913.17832379185,34326.323023128905,32288.135710684423,29250.81323896204,23290.596406138422,19167.503996976982,10767.32396815552,11644.460517692221,16967.914782540694,14625.949369503945,19599.09423543494,19020.650256958914,13460.703503461224,3012.748450394987,-1642.0296616785804,9248.186362331699,22082.826302400154,23233.90034203933,22638.76452876174,22058.67210515652,21137.31823618704,15242.2949737184,16154.453010585745,17976.186511603755,18844.741022009337,18973.50048043109,18753.79307670691,18483.543333892092,18220.93468343533,18067.446481544717,25644.485226318666,35598.97989008784,38092.23915165788,38171.04788999391,36298.81789449667,34314.01038962345,27718.276804716566,23353.363911558252,15212.108323950031,8453.141672077412,9625.848075611677,10454.314363635373,18243.30435909732,18502.372632833172,13798.1418993413,5424.308818228224,-2123.420350050629,8769.262688372537,20581.566985854297,31919.032550046966,30426.740911042034,28982.18978907982,27460.75373295413,25951.101469935616,24688.163396763488
Ca,2635.7357389188933,-13223.817246834684,-4626.472583985124,12110.18543917503,15937.249549988053,5683.730206577401,7686.034187167843,2038.0319138512573,-7206.917987922236,-15712.866078297478,-9728.560483653655,4355.5693734775805,16138.49839740605,5767.152262420291,11833.132074801353,7322.929551743683,-2883.205678738363,-15501.498466982199,-12134.588583010844,-0.0,14861.375896627344,19245.49575698578,19301.420269805465,18401.235973152696,17967.730478989277,16454.031283846864,13640.915906511445,10479.744078602496,4810.037793916479,3330.986351082658,7585.610227739811,5313.350693959295,9122.251956687547,6976.902937420091,-1199.3372200437498,-13873.157493169365,-12490.16922462872,-2052.64147267005,12496.157033415431,21864.464164486133,22778.594362265372,22191.736027482835,20153.5541543731,17116.230088832428,11156.014442269297,7032.914471897812,-1367.2484482133402,-490.11609363810413,4833.34430502323,2491.370691913197,7464.5193921555665,6886.067038063698,1326.1367855432752,-9121.833675512293,-13776.612450319983,-2886.3865754068966,9948.241726739956,11099.318076839372,10504.181862722417,9924.101034557001,9002.747463859005,3107.6835989392744,4019.870239443164,5841.6139061377735,6710.164828066083,6838.92274761229,6619.218318607475,6348.965223045655,6086.357313255574,5932.869147766823,13509.89327761745,23464.3973609544,25957.65279054366,26036.45906393254,24164.226995891233,22179.41812091159,15583.68529718863,11218.797734460426,3077.547198802129,-3681.4418905984967,-2508.734921394882,-1680.268255728925,6108.720209585219,6367.787907490105,1663.5154658784056,-6710.273799274439,-14258.002011054085,-3365.322874255149,8446.980057727656,19784.450234656433,18292.158578683342,16847.60117541115,15326.170655785305,13816.53680530696,12553.597162213793
Sc,-12225.638089121025,-28085.190352884554,-19487.847129116617,-2751.186151975035,1075.8776392156053,-9177.643531347665,-7175.3381659068755,-12823.341388388086,-22068.29147925927,-30574.22791974974,-24589.921037805958,-10505.804645460948,1277.1254049934973,-9094.221648883637,-3028.2409449442857,-7538.443025585031,-17744.57140054439,-30362.87991785434,-26995.96447691996,-14861.375896627344,-0.0,4384.126119849397,4440.04771641054,3539.8633420817446,3106.3578810331737,1592.6586983850507,-1220.4566822566928,-4381.627622760976,-10051.334647665439,-11530.385979362192,-7275.762316396024,-9548.021821503518,-5739.117802168932,-7884.469236776008,-16060.710161695968,-28734.529818341212,-27351.54214372355,-16914.013237146326,-2365.2160819631167,7003.1050221552105,7917.233355796943,7330.373334936125,5292.175628054519,2254.849691840828,-3705.3674824019436,-7828.446772613392,-16228.621309081987,-15351.488564897849,-10028.0280599055,-12370.001901555703,-7396.853084868495,-7975.305081540116,-13535.234985928795,-23983.20497022929,-28637.989706327553,-17747.76043200368,-4913.130416124232,-3762.0556825842336,-4357.191694666283,-4937.273272955368,-5858.62666970031,-11753.659002717828,-10841.501822875629,-9019.758628921816,-8151.20777598062,-8022.449864642161,-8242.154292744031,-8512.407393769308,-8775.015295190542,-8928.50234719422,-1351.4726383344932,8603.022861336825,11096.295103121698,11175.10070169809,9302.869522919995,7318.06002497771,722.3299710841009,-3642.575375083149,-11783.824878044481,-18542.81358744404,-17370.106162780685,-16541.639886792156,-8752.652978468113,-8493.585096585524,-13197.813954871803,-21571.644181191303,-29119.371676902134,-18226.705590121164,-6414.391035472419,4923.0750135587305,3430.78501868496,1986.2630620552368,464.7992830707333,-1044.835979770536,-2307.7763193951905
Ti,-16609.761027752513,-32469.29244442166,-23871.970361001622,-7135.309563708742,-3308.246127015268,-13561.766522990385,-11559.461218071832,-17207.451696954387,-26452.402264946326,-34958.35305407738,-28974.04617256494,-14889.915628516286,-3106.9973252491372,-13478.334120287003,-7412.363209337973,-11922.560982585055,-22128.70128042127,-34747.00532348584,-31380.077982792176,-19245.49575698578,-4384.126119849397,-0.0,55.92446239872079,-844.2593558038886,-1277.7645744627457,-2791.4640494731807,-5604.5796515272195,-8765.751472403635,-14435.452892156665,-15914.504953167056,-11659.882118046267,-13932.13883284779,-10123.240754251465,-12268.592467814547,-20444.833278793674,-33118.653714997025,-31735.66499951254,-21298.136610472324,-6749.340312630536,2618.9803240529677,3533.10983858042,2946.2493835389696,908.0635569201386,-2129.263635799702,-8089.481089434466,-12212.569929777668,-20612.74412857018,-19735.61197654911,-14412.151319878263,-16754.125409594646,-11780.976458194504,-12359.428433815749,-17919.358316680802,-28367.328291055284,-33022.11412223076,-22131.884243160835,-9297.254641992608,-8146.179393258897,-8741.313713737123,-9321.395493989401,-10242.749053572918,-16137.782141992739,-15225.625180130455,-13403.881966502617,-12535.33112825625,-12406.573261760841,-12626.277688581798,-12896.530735349728,-13159.138636421858,-13312.625687689517,-5735.596697882832,4218.914069850181,6712.171174520706,6790.977934195063,4918.745461507872,2933.9361141690124,-3661.79368459696,-8026.698394741195,-16167.947974858645,-22926.93710338097,-21754.22984764715,-20925.763214699567,-13136.776674003151,-12877.708803899188,-17581.93723135244,-25955.76743466337,-33503.495200125966,-22610.829166895863,-10798.515105641993,538.9553320297849,-953.3383960867878,-2397.8603922368025,-3919.326026249759,-5428.959860724988,-6691.899989775884
