element,0,1,2,3,4,5,6,7,8,9,10,11,12,13,14,15,16,17,18,19,20,21,22,23,24,25,26,27,28,29,30,31,32,33,34,35,36,37,38,39,40,41,42,43,44,45,46,47,48,49,50,51,52,53,54,55,56,57,58,59,60,61,62,63,64,65,66,67,68,69,70,71,72,73,74,75,76,77,78,79,80,81,82,83,84,85,86,87,88,89,90,91,92,93,94
H,0.0,-9.67159033071861,-8.89057686168072,9.156459201181914,9.49570802662388,8.022565428727285,8.527400897427459,-6.394766576144485,-9.194582145205368,-9.817363069685351,-9.422649035933233,7.450564160305186,9.510722794480195,8.049559927549655,9.126784586310706,8.452802937892912,-8.616122402753142,-9.805777278742326,-9.600442488502996,-7.8772969685591425,9.411372300386667,9.717806019002216,9.721165964949465,9.665642840699197,9.6377624217153,9.533821253979788,9.306212395703106,8.967632854868206,7.684915097934634,6.545711126799801,8.507319672947991,7.893055423323819,8.777635118041689,8.376129070966952,-8.252203903395689,-9.711714686397176,-9.624230267284299,-8.453054880308358,9.196385601966362,9.86421344031615,9.910653506646888,9.881089089948773,9.771031289579195,9.580627135721011,9.0503218740797,8.388948469076128,-8.29504512219177,-8.047781968887152,7.695580017614119,-4.979236701776988,8.482556912344196,8.354987427933883,-7.1782370936046656,-9.37233755260601,-9.705850062500408,-8.616698503029092,8.897478764001109,9.043645894504582,8.97074292691188,8.894171615829999,8.759042423945044,6.158930472559953,7.233552926005863,8.07305315864958,8.312731288893662,8.343836199672486,8.290162733306397,8.219926523573868,8.146599411420048,8.101112268062929,9.294237019698144,9.944134067792394,10.057192393187252,10.060565598072822,9.977179701375789,9.880459336275875,9.468771293015365,9.057662444752618,6.093143595409926,-8.75118607193512,-8.545872099446257,-8.37031674668848,8.153057568408245,8.224981614211655,-6.880567055253721,-9.142811699314997,-9.734757478886824,-8.699860784418625,8.66772246674526,9.749736737888115,9.658700365348013,9.561905316558855,9.44868265292389,9.32204285926506,9.202193398039306
He,9.67159033071861,0.0,9.059324580263205,10.139941999912764,10.28062383336773,9.847369051242357,9.94802321681471,9.633176383506411,8.702493452601937,-7.820057679398213,8.159448104209119,9.774538540775353,10.28750097331676,9.85177085950056,10.128945976944996,9.930505793736492,9.243931113656645,-7.7313523740199415,6.994116588597886,9.489850437866156,10.243033288005854,10.388080871660017,10.389801728643873,10.361735949020396,10.347933963107613,10.298189383736574,10.198606355709074,10.073422083520569,9.800061591511636,9.714492023154488,9.943209484484191,9.827587039421271,10.014450454909209,9.913523054228742,9.394783001020285,-6.477497618291162,6.599388557601515,9.321178139822372,10.155062057131731,10.465651351555124,10.491368300154813,10.474934877842262,10.41566357604582,10.320256865236333,10.10155255232108,9.91629237111415,9.380718223603102,9.45208589374928,9.801353136629876,9.66244664150874,9.937373711150745,9.909016454443947,9.58541187175236,8.319452517289774,-6.316796704737784,9.24362302443752,10.050745732674708,10.099224359757038,10.074453170434253,10.049703294355695,10.009088413282324,9.700914125637674,9.75525940368046,9.855684523136222,9.900231347867624,9.906669469332785,9.895658750926465,9.881946405957084,9.868439287976374,9.86045944018943,10.193718274731985,10.510238465441825,10.575984116080994,10.577994365220528,10.529133412362027,10.474587149864828,10.268426455058888,10.10412430896382,9.699062269500185,9.163602805583933,9.279500841147435,9.353968604707488,9.86959659376887,9.882907522629402,9.60833590483514,8.781779592692267,-6.942337066930202,9.196188077834574,9.98376705797853,10.404543633822735,10.358281594978358,10.311364867269912,10.25944692489385,10.20512270588705,10.157292844819368
Li,8.89057686168072,-9.059324580263205,0.0,9.725416298846698,9.931332213829368,9.240985901181974,9.418451725002983,8.804700958535262,-7.856104607405658,-9.313563930571233,-8.537600902596008,9.103093855771112,9.941070404923643,9.24904408655968,9.708725283617904,9.388520270942927,7.464089942821126,-9.294316065936263,-8.923872232124676,8.43976611984558,9.877597638833983,10.080502150677763,10.082841235143013,10.044496210581334,10.02549227494666,9.95615071423074,9.81292676587762,9.622927858164173,9.152447619190218,8.98199077141037,9.410263123151678,9.204405286032106,9.528774115750883,9.359137618128559,8.139771752566583,-9.132128577121584,-8.970139433896062,7.8535391859738315,9.748214687959704,10.184596274802924,10.218520116610843,10.196874032512437,10.117833849264994,9.987079628635497,9.666719579393423,9.363953726892738,8.089551142933368,8.327812257593576,9.154914289347193,8.870500523082221,9.400298690416147,9.3512789644764,8.691752931412394,-8.411023708017492,-9.121633752305934,7.462263997877494,9.587111959912468,9.66312091770732,9.624544129324097,9.585454419377257,9.520044670913837,8.953534756156794,9.065007362139431,9.256182025641856,9.335883269637327,9.347175948074502,9.327829280922568,9.303506296795312,9.279290759664866,9.26486108156624,9.805729937360022,10.243235973530323,10.328269559021782,10.330842883802063,10.267842971345265,10.196414826864713,9.913990918420437,9.670689619201267,8.949627313888211,6.8522748254109995,7.65857565060842,7.9886124224262005,9.281375800556457,9.305219573902763,8.746880035787802,-7.6424285658983,-9.172901391390749,7.140557600407816,9.47841531461252,10.102826888900658,10.039749116318106,9.97464985805746,9.901167079415236,9.822494957097883,9.751563485291214
Be,-9.156459201181914,-10.139941999912764,-9.725416298846698,0.0,8.250114457124944,-8.768334441484074,-8.395059754386676,-9.21762918618627,-9.868797981716005,-10.233656098345278,-9.991486803212243,-8.95617265445696,8.301350995411557,-8.755270229205307,-5.627814735776165,-8.473921698092338,-9.6154314782895,-10.22603050755401,-10.095997357782093,-9.401884721035819,7.920150839198377,8.8729510538835,8.880754969228379,8.747042296639465,8.67565635570852,8.376745579598953,7.334153696193591,-7.397219296517181,-8.895786790114855,-9.080254345314216,-8.41749984605039,-8.824359441100253,-8.002672318702135,-8.543695497996621,-9.49631017128902,-10.165249444861646,-10.110556800094127,-9.558446684431182,5.958353128713031,9.185565009003522,9.275136914627968,9.218562356452908,8.992724379916542,8.518601479049716,-6.861921865386168,-8.532723625225403,-9.508846211982158,-9.44155538212041,-8.89258972162409,-9.171580269836122,-8.44390554683114,-8.561232986942938,-9.2859161917334,-9.963312685463624,-10.161527002244611,-9.615643756088197,-7.679225344153101,-6.9195515416605,-7.382125969728062,-7.69032460524485,-8.041875619251467,-9.10536575923789,-8.998546739626269,-8.743463575124624,-8.594343535069472,-8.570215218865908,-8.611042076381386,-8.659078412426727,-8.703644497851572,-8.728801153739935,7.24473708673747,9.337433234622116,9.535930820512064,9.541602712439094,9.397239387553117,9.217340662210892,8.153199292768525,-6.793902893240171,-9.10871026182311,-9.667298116241335,-9.590140284492964,-9.531804294209099,-8.699925712202589,-8.655806377922408,-9.254130412358585,-9.842752812186433,-10.179951502110928,-9.64707964902695,-8.206366560909306,8.945758257486725,8.729554167187136,8.463465138325269,8.076199470614643,7.442697910365502,6.096747801847461
B,-9.49570802662388,-10.28062383336773,-9.931332213829368,-8.250114457124944,0.0,-9.235473977442519,-9.018236955973375,-9.539659840240446,-10.049541324767258,-10.362528681256702,-10.15295399845679,-9.357266267713989,5.309496586808515,-9.227305511092343,-8.319989594418315,-9.061297315151977,-9.842752731766634,-10.355828229354499,-10.242557549680901,-9.676477131382365,-6.981821058088807,8.104475686241988,8.121233861735833,7.8099414221017245,7.616520211797199,6.249532595785464,-7.739508892790966,-8.60493025920109,-9.31723873916281,-9.442028357341337,-9.03033283450634,-9.270955508338837,-8.827027672142004,-9.100675869145885,-9.749029377359383,-10.302646386050098,-10.255144596553636,-9.797620794487779,-8.14383458364902,8.687480298344788,8.830887390594542,8.741215551656925,8.34695247323201,7.0732544510510476,-8.472662956718805,-9.094404246180074,-9.75877953821886,-9.706764722813967,-9.31514214729715,-9.506502286161213,-9.044726295999737,-9.110761362829493,-9.58960602772412,-10.129031488127495,-10.299402592640348,-9.84292169570896,-8.697847971376973,-8.48444956003997,-8.60044352634902,-8.701870440626898,-8.844409111208302,-9.45958318944552,-9.38583689921549,-9.219957710029659,-9.130006990358144,-9.1159558991328,-9.139813934594699,-9.168401515527277,-9.195418981496166,-9.210878317520162,-7.794967773328601,8.926405904330418,9.212479845467964,9.220312791754925,9.015297144397376,8.739245203343037,-5.870845075359712,-8.459448278444684,-9.461931279514236,-9.884288970735824,-9.822656182516974,-9.776705703626474,-9.193146504290075,-9.16643688174493,-9.566243582843198,-10.027849819784958,-10.31547297611049,-9.868046324595479,-8.921493304325606,8.25535994109943,7.764681205411449,6.8149657888365,-6.416862896525622,-7.659979486516306,-8.12700627823415
C,-8.022565428727285,-9.847369051242357,-9.240985901181974,8.768334441484074,9.235473977442519,0.0,7.602553748404311,-8.20157734191456,-9.464334890956142,-9.971033800640456,-9.642985377225399,-7.192302653248114,9.254908488276682,4.435825045337453,8.724272925660253,7.402573520203674,-9.055781941008355,-9.961106586621916,-9.78803803926601,-8.645538947992094,9.124634709226687,9.515083561554457,9.519198500147187,9.450813478410359,9.416134441683251,9.284640650028527,8.981956460772265,8.475749009104415,-6.773870994332714,-7.763761992072705,7.551124278496223,-5.917222235642699,8.143087854248913,7.165627858510806,-8.836964914303143,-9.881133884092941,-9.80779670197131,-8.953817315493502,8.826650470574634,9.691639206512987,9.746592672994709,9.711660116735677,9.579890215928241,9.344303240742803,8.607634372584988,7.2080050460026355,-8.861063151203199,-8.72823926269437,-6.746864910978475,-8.06882867155882,7.485374516490731,7.092855720068489,-8.379904530956884,-9.602825830285987,-9.876185257018655,-9.05615340798616,8.358318570893308,8.597221838922414,8.480830330127382,8.352641615421653,8.107725050442896,-7.854387736042232,-7.417496112762863,5.068185201377052,6.934820337802971,7.052889209895509,6.842138819549637,6.501642657693491,6.000491723969882,5.522021292449698,8.965356349020706,9.785924166601722,9.917139108598898,9.921020159364502,9.82452620945846,9.710915853137644,9.200388263226236,8.619039604884785,-7.866025572467806,-9.144859716349735,-9.011092160819704,-8.904494090329742,6.0544236363388135,6.529503650178851,-8.299328775423794,-9.425048747560568,-9.90062005857212,-9.110528060937604,7.924525424333559,9.554051879603994,9.44220006991554,9.320530747679273,9.174033249016652,9.00378434785947,8.83504550602192
N,-8.527400897427459,-9.94802321681471,-9.418451725002983,8.395059754386676,9.018236955973375,-7.602553748404311,0.0,-8.63923477841175,-9.608710877029914,-10.060487385931676,-9.765121338194133,-8.111167665703185,9.042331607159822,-7.560019742491753,8.330405154117342,-5.897442668497449,-9.265797757899213,-10.051413150547258,-9.894528363932121,-8.947290316739767,8.878544527197267,9.355346039187554,9.360171986236288,9.279512076625377,9.238216863739225,9.078976670873551,8.69213451874766,7.935483718698494,-7.964502035935876,-8.379320436631462,-4.619314216390766,-7.772198492400843,7.270463952201771,-6.565448554103766,-9.092274068011024,-9.9786039178888,-9.912308714359282,-9.18396321978354,8.478685569477975,9.559548478179883,9.622024290570728,9.582366621460814,9.430962759338264,9.151778231872404,8.152192340572155,-6.483274394080642,-9.110993162060902,-9.009099124742015,-7.956368448138431,-8.555579852820665,-5.404992314188323,-6.685818686126015,-8.757924929469022,-9.729661777400228,-9.974115913652978,-9.266098854286987,7.724538150737132,8.13572342373663,7.9441902339055535,7.7138144854633435,7.183653158226118,-8.429306299753437,-8.20717420828924,-7.520462975041097,-6.88435244581329,-6.74301354462531,-6.973371757964101,-7.198982444239551,-7.3781815788425265,-7.469747365094371,8.66989109435791,9.666459045130077,9.81315792895851,9.817463259036574,9.709854713903253,9.581517338655196,8.974449315626318,8.170118230774102,-8.435872063151336,-9.338599357638847,-9.229728204902546,-9.144980552265825,-7.364113013054714,-7.184816410004375,-8.703420154366885,-9.57479658990193,-9.996296288728189,-9.310401836994572,6.635877639743026,9.400911948859234,9.269280974180534,9.122885302485358,8.941301451828423,8.721194916956511,8.490553733668735
O,6.394766576144485,-9.633176383506411,-8.804700958535262,9.21762918618627,9.539659840240446,8.20157734191456,8.63923477841175,0.0,-9.131941126915008,-9.78424808903548,-9.373104551944925,7.748691782838209,9.554033834516398,8.224194960833868,9.189739218895424,8.572797875657717,-8.501518262531125,-9.772269441430907,-9.559137289862019,-7.620230422169112,9.4591003149884,9.753155919844948,9.756400550930394,9.702850998851119,9.676002807822039,9.576162884905534,9.359094707902253,9.041058138710678,7.927687487807032,7.1654588798429995,8.621294985593785,8.094475920465781,8.865766313148818,8.505094659779665,-8.082825151142607,-9.674840673139474,-9.583915865864256,-8.316709213344147,9.255230079829092,9.894822482688465,9.939895391843944,9.911193478608014,9.80457997831936,9.621071680304926,9.118113501681707,8.51636614596839,-8.133376187921911,-7.835637778760741,7.936056766484234,6.118842973131327,8.599231898641674,8.486534915979226,-6.569333898299283,-9.320168815173277,-9.668754792773472,-8.502164661195248,8.97603601401403,9.11187661821104,9.043949179934655,8.972979713325534,8.848755444903889,6.976050427133459,7.592284619746655,8.243961253624525,8.449584902092804,8.47676497381014,8.429931478713488,8.369141578912885,8.306305466989794,8.26766404738211,9.34774033084722,9.972424777949009,10.082496801092415,10.085785861486926,10.004563392538923,9.910582399682768,9.513895979136068,9.124970644484758,6.947471137977443,-8.651806934707587,-8.422391582759204,-8.221290708602664,8.311801827972126,8.373497416941202,-5.928190311424574,-9.076729633937209,-9.69873855029999,-8.594965621189935,8.765606692990803,9.78399512050511,9.696163585046893,9.603098689449453,9.494702343386608,9.374116426393524,9.2607068864871
F,9.194582145205368,-8.702493452601937,7.856104607405658,9.868797981716005,10.049541324767258,9.464334890956142,9.608710877029914,9.131941126915008,0.0,-9.048638462026359,-7.833061999445287,9.355607984311913,10.058198867545505,9.47078495600485,9.854352343115309,9.584028653803262,8.372101074192955,-9.023478063037679,-8.502823480382396,8.882935421299226,10.001942395394238,10.183140059068991,10.185252010589657,10.150704879653661,10.133632282796322,10.071623300108831,9.945053125342799,9.780622353544981,9.394156589744071,9.262828977818097,9.60194447307639,9.435184019472867,9.700769621010195,9.55992786179516,8.700943848948896,-8.80496129013161,-8.5724865113633,8.547775938771126,9.888580777640747,10.277544390942268,10.308502511441414,10.288738537277094,10.216891403259897,10.09922502216123,9.818143904112503,9.563869476650417,8.672600674370523,8.81251624007932,9.396094593558287,9.179807868032986,9.593726050026495,9.553503435035148,9.051819895785105,-7.5579509555681135,-8.790374868843973,8.371364945259248,9.75011223771753,9.815051707463626,9.782003327030434,9.748704433857066,9.693424651302944,9.241415580343462,9.326147132105444,9.47650756977613,9.54094422174817,9.55015281829602,9.53438836795834,9.514649712511083,9.495088821982893,9.483476306034147,9.938749428497795,10.331116188574372,10.409267185623742,10.41164139134884,10.353676172798,10.288319635409714,10.034148252342582,9.821556847212316,9.238486990732426,8.168054295128467,8.45514388828589,8.617517975279183,9.496769525135402,9.516037143361418,9.090596344375244,6.209885860697899,-8.861078710179038,8.253898466984886,9.658539034283946,10.203309469121397,10.146436757959668,10.08812122236568,10.022784529283268,9.953441588200953,9.89149165381389
Ne,9.817363069685351,7.820057679398213,9.313563930571233,10.233656098345278,10.362528681256702,9.971033800640456,10.060487385931676,9.78424808903548,9.048638462026359,0.0,8.69706282076174,9.906953324064185,10.36886684205084,9.974924983576047,10.22364892609165,10.044847693109995,9.459592425219883,5.358316417684201,8.182917455858853,9.662298791254337,10.327945414975659,10.461941324280094,10.463539675798575,10.43749519464357,10.42470684248467,10.378724223541893,10.287210706134383,10.17327072498751,9.929345289896627,9.85455190308102,10.056185845899783,9.953572611523738,10.120053925580397,10.029713505523477,9.582905472586848,7.51790509750892,8.078283532411854,9.522316775221556,10.247432619793962,10.534183193238919,10.558217379301002,10.542853826777092,10.487584189024037,10.399100383460715,10.198760499949726,10.032179416424272,9.571269365561204,9.630612043126854,9.93048043778269,9.80946461600922,10.050975466340848,10.025702221214686,9.743318994933402,8.793616857888363,7.569026312106715,9.459345089387414,10.15277086871565,10.196648990971935,10.174203300365289,10.151829583460469,10.115230877702777,9.842759437086745,9.8900850413644,9.97838533535699,10.017888458833154,10.023613999130903,10.01382445261723,10.001649619517622,9.989675485124582,9.982609963556285,10.282737573040343,10.575877090994975,10.637572914063965,10.639462184104758,10.593582059666875,10.542528815827918,10.351295626695594,10.201095088878914,9.841155326699253,9.39536024937869,9.488360947085251,9.549209613165756,9.990700810649416,10.002502437746234,9.762927171776132,9.105378847693023,7.28335376701026,9.4212917383916,10.092488787114712,10.477240545948472,10.434292979332197,10.39088595355161,10.343033236040268,10.293175689060512,10.249466759191208
Na,9.422649035933233,-8.159448104209119,8.537600902596008,9.991486803212243,10.15295399845679,9.642985377225399,9.765121338194133,9.373104551944925,7.833061999445287,-8.69706282076174,0.0,9.552874848092426,10.160764151260372,9.648383202355173,9.97871997262215,9.74405123022002,8.831471654741557,-8.661109568212707,-7.786145950129386,9.182924002901181,10.110132590295935,10.274190261737829,10.276118591178536,10.244619983009006,10.22908966053965,10.172888049980763,10.059228688519577,9.913898283490738,9.5846307739215,9.477350841374381,9.759337812633472,9.618661884186567,9.844363918488945,9.723550967833525,9.051370918955412,-8.329802418110612,-7.923931323581458,8.945973747322387,10.00900533968016,10.360723708685443,10.389246620043437,10.37102819173696,10.305048276301088,10.19786358149917,9.946813048818761,9.726898736074347,9.03149031531368,9.131237133864243,9.586230695690487,9.410905514149988,9.752320413764417,9.718098948834932,9.31070120713085,6.409723714097385,-8.306238213146047,8.831006773785868,9.887246535540404,9.94409569531656,9.915106903274035,9.88601889259063,9.838004964820144,9.46010821823384,9.528752701265597,9.653176770394403,9.707456026291469,9.715257631229782,9.701908543416504,9.685239915832172,9.668772232178805,9.659020244794018,10.053607008235698,10.410122775458797,10.482548157367345,10.484753971934838,10.430986647156523,10.370642316864616,10.13908369770625,9.949815545039584,9.457755803016793,8.707495173329177,8.884724497757118,8.9933394038298,9.670185160013219,9.686409885814195,9.340764705431374,8.012750234196695,-8.41857513044865,8.758446796429753,9.80788735982695,10.29262036920254,10.240735169574938,10.187808960295255,10.128857963862913,10.066715458584088,10.011586471960667
Mg,-7.450564160305186,-9.774538540775353,-9.103093855771112,8.95617265445696,9.357266267713989,7.192302653248114,8.111167665703185,-7.748691782838209,-9.355607984311913,-9.906953324064185,-9.552874848092426,0.0,9.374491804728656,7.253175690479065,8.919796036491823,7.995765194015372,-8.887345261665335,-9.89636559156895,-9.710579196193484,-8.379440185675756,9.259778387716931,9.60850661663609,9.61225538289702,9.550139961031178,9.518792017620939,9.400916115293994,9.136300473185456,8.720161858257619,6.121329033522131,-6.933015435988656,8.080559989633421,6.8656637984429585,8.469615788460288,7.871820240812227,-8.622616764885061,-9.810808857851478,-9.73191242131043,-8.765491477626751,9.004740488827052,9.770522268784095,9.8214114424063,9.789040162633892,9.667701408673253,9.454200874141504,8.824890655726128,7.892958881115282,-8.652391116435963,-8.486050324259162,6.171230704716831,-7.531122805134235,8.042361852178727,7.836566363950188,-8.016460486784275,-9.508843881911309,-9.805498700013953,-8.887784819585082,8.62939145620652,8.816519416794618,8.724144267358364,8.625066024132096,8.444230384240226,-7.1299832504762195,-5.8191890694704504,7.304545854884562,7.764548817583993,7.817767708030832,7.725175065894181,7.598096494306426,7.456909692734011,7.364104191896257,9.122091697112277,9.857958829253105,9.980592053006639,9.984233343452162,9.893925651245743,9.788349627676581,9.326266864031652,8.834079040132414,-7.153851118561161,-8.991936569432216,-8.834235597072201,-8.705635545843617,7.469740255180179,7.607490142431853,-7.89841548637427,-9.311708793168448,-9.831699941103956,-8.951817776284441,8.316889925396405,9.6440610030235,9.54234469480131,9.432929106749738,9.30306552670829,9.15503563276596,9.011770822721045
Al,-9.510722794480195,-10.28750097331676,-9.941070404923643,-8.301350995411557,-5.309496586808515,-9.254908488276682,-9.042331607159822,-9.554033834516398,-10.058198867545505,-10.36886684205084,-10.160764151260372,-9.374491804728656,0.0,-9.246898295659081,-8.367849539807898,-9.084388051110512,-9.85338847238356,-10.362208915364553,-10.249700790554293,-9.68902486311337,-7.153149756096444,8.041733850885217,8.059567723961132,7.724772677242533,7.512195983709841,5.757428400210135,-7.823478943613452,-8.641136329313433,-9.33516220404564,-9.45786522865596,-9.054141184072003,-9.289719553959037,-8.856126172567167,-9.122884678752891,-9.760704089193064,-10.309374435036478,-10.262198800167234,-9.8087448451681,-8.200656745919286,8.652943252905722,8.80103399615061,8.708511488802419,8.298057772976332,6.886259688022739,-8.513884398115845,-9.116751639444647,-9.77034159486927,-9.718940383176449,-9.333102429190392,-9.521357611202461,-9.068198142362899,-9.132749846936022,-9.60328478860163,-10.13703006786428,-10.306152420237325,-9.853555604482713,-8.730893260072369,-8.525197363837433,-8.636808855821743,-8.734785298151204,-8.873013190588765,-9.475146661550582,-9.402581518440012,-9.239693730170524,-9.151580824914168,-9.13783169452354,-9.161179520439928,-9.189171168416237,-9.215640383428136,-9.230792578921694,-7.8745865640571076,8.899309342577668,9.192193559271201,9.20018371060468,8.990534092229401,8.70647956590344,-6.3204594683133335,-8.501206449974548,-9.477458759531476,-9.894494211785206,-9.833506637188783,-9.788063535498361,-9.21341357913374,-9.187246906273101,-9.580243199023872,-10.036696319234684,-10.322115561300894,-9.878418088834184,-8.948003308323434,8.201646090496837,7.675389135730723,6.565461395084012,-6.701134960888583,-7.750598424355094,-8.184765409835462
Si,-8.049559927549655,-9.85177085950056,-9.24904408655968,8.755270229205307,9.227305511092343,-4.435825045337453,7.560019742491753,-8.224194960833868,-9.47078495600485,-9.974924983576047,-9.648383202355173,-7.253175690479065,9.246898295659081,0.0,8.710616479166111,7.350373795045983,-9.065471390512718,-9.965036415919032,-9.79270866908804,-8.660107076400747,9.115504461065784,9.508912985641375,9.513053495554061,9.444232173547638,9.409320251069001,9.276865299369241,8.971418185307902,8.458204742585126,-6.864965685241206,-7.798590501858992,7.506294935609697,-6.119859157906099,8.118534900603366,7.098996930565597,-8.849010020194543,-9.885390196409523,-9.812376165675218,-8.964541283070202,8.814331120783226,9.686470564830818,9.741701063861246,9.706596011839526,9.574108682459276,9.336980134791233,8.592275555612792,7.1442289818029465,-8.872823501466668,-8.741658551622692,-6.840338768858907,-8.094616894961542,7.437423787167133,7.021008115210797,-8.398863390992034,-9.608443973581501,-9.880462648915199,-9.065839276765344,8.338566444990867,8.581700794680945,8.463377135773792,8.332777487675129,8.082277625614564,-7.886246245525896,-7.466388511057351,4.323644204272997,6.8501394002188505,6.978001599728002,6.748839216775659,6.3678663941721805,5.768962629359919,5.116305583676645,8.954641170667045,9.781221658632232,9.913017810484952,9.916913138369855,9.820002168424173,9.70584612140805,9.19192682545375,8.603856141889324,-7.8975212300744975,-9.153726704681446,-9.021222142084863,-8.915757218534837,5.836477897165282,6.399658100250974,-8.319862166465697,-9.431756469876333,-9.904794370615322,-9.119704195632375,7.893881678691668,9.5481189594131,9.435562261790082,9.313030908002444,9.165344990222078,8.993475210744723,8.82282982404822
P,-9.126784586310706,-10.128945976944996,-9.708725283617904,5.627814735776165,8.319989594418315,-8.724272925660253,-8.330405154117342,-9.189739218895424,-9.854352343115309,-10.22364892609165,-9.97871997262215,-8.919796036491823,8.367849539807898,-8.710616479166111,0.0,-8.414319040685589,-9.59678148554526,-10.21594626039884,-10.08450469491235,-9.378743183796411,8.016067353900029,8.911039489724885,8.918553661162985,8.790131473626841,8.72186174700671,8.43856090015895,7.500409508190114,-7.211104645793806,-8.857102602633333,-9.048191441371904,-8.354326446471193,-8.782749480207787,-7.905397445355702,-8.488223301684855,-9.475275883727326,-10.154529874182968,-10.0992311678334,-9.538692042486145,6.498320762640183,9.213569612175661,9.30077266067793,9.245670198807911,9.026589015943504,8.572458298862642,-6.519320102561618,-8.476622448520876,-9.488076679495304,-9.419324007160533,-8.853778021016367,-9.142357141452038,-8.382429892385758,-8.506752097378975,-9.259891601136705,-9.950178587786409,-10.150767237813819,-9.596997720437145,-7.542155057362204,-6.5996191470797605,-7.1928975155255825,-7.554875690228865,-7.948521715316048,-9.074110141134696,-8.963705584163579,-8.698267151440342,-8.541684482211346,-8.516234803772011,-8.55927801404169,-8.609802938437543,-8.656568202636455,-8.682921618214255,7.425219317740488,9.361539230293737,9.555739472917136,9.561302882152052,9.41996163216284,9.244480867755842,8.229929745138104,-6.422231179090937,-9.077561227061718,-9.649599494697725,-9.57100796768718,-9.511511003471016,-8.652669949310017,-8.606365478534869,-9.22725409572262,-9.827923392151783,-10.169388961207655,-9.62901644874816,-8.127744467280317,8.981218352230366,8.773388436244025,8.520288962862983,8.158813254935241,7.5930737960034085,6.581232119086105
S,-8.452802937892912,-9.930505793736492,-9.388520270942927,8.473921698092338,9.061297315151977,-7.402573520203674,5.897442668497449,-8.572797875657717,-9.584028653803262,-10.044847693109995,-9.74405123022002,-7.995765194015372,9.084388051110512,-7.350373795045983,8.414319040685589,0.0,-9.230842665995157,-10.03563047745838,-9.876039885029483,-8.898902286925596,8.927903588987727,9.38627163615514,9.390951195791095,9.31283410888544,9.272920994467524,9.119551546129934,8.751314116806116,8.057636397427604,-7.829587516623575,-8.292283802876735,5.574739321616973,-7.606177444330495,7.495720774155137,-5.849400674350851,-9.05055495578238,-9.96161904974029,-9.894149117994107,-9.14596950066515,8.551445458329654,9.5848340069863,9.645795015135986,9.607088671658477,9.459668420213628,9.189556105364566,8.251686165946362,-5.673334496402779,-9.07006375130392,-8.963678117214558,-7.820273244028988,-8.483131350522918,4.959974388264576,-6.0819064385298205,-8.699146905399829,-9.70782307535209,-9.957054010558748,-9.231154117305767,7.873335997981143,8.236777826596914,8.065335062892995,7.864100686211299,7.427034846309904,-8.346693615542934,-8.102907281152268,-7.301361253508971,-6.419612830839049,-6.184164298850298,-6.5577890249151904,-6.882401522723538,-7.120907372770714,-7.23782128746484,8.730362407693857,9.689209707144197,9.832835179295518,9.837056277202963,9.731649507183693,9.606260182409516,9.019394536678346,8.267928288100462,-8.3538228044492,-9.306138686127335,-9.1934649876115,-9.10544603242733,-7.102672120511928,-6.862906506072504,-8.641245077428504,-9.549252542610084,-9.979611756285646,-9.276995372173914,7.025585538286135,9.430481129555574,9.302940325775847,9.161749303167033,8.987726753677135,8.77872738065831,8.562485165710285
Cl,8.616122402753142,-9.243931113656645,-7.464089942821126,9.6154314782895,9.842752731766634,9.055781941008355,9.265797757899213,8.501518262531125,-8.372101074192955,-9.459592425219883,-8.831471654741557,8.887345261665335,9.85338847238356,9.065471390512718,9.59678148554526,9.230842665995157,0.0,-9.442982090852109,-9.132635783638701,7.967004813038854,9.783891265212738,10.00467593455459,10.007199882983988,9.965778767950487,9.945202080892868,9.869839612838465,9.7126370315803,9.500316041366109,8.948227725063973,8.734751910281867,9.256251672605764,9.011591367027405,9.393200161077955,9.1963539257163,7.429442426065603,-9.304827682857958,-9.170347754503972,6.723307576684098,9.640846815889818,10.116527545701738,10.152797496709717,10.129663909849942,10.044889487213524,9.903508796449898,9.549680434260715,9.202018911948938,7.324461352609792,7.780757988371458,8.951249275684694,8.589621007273003,9.244618600803115,9.187099643691695,8.34529270320541,-8.738676116815896,-9.296004751314616,-1.4303256670510893,9.45973204271563,9.545635030513283,9.502142998091308,9.457849121913009,9.383196619511736,8.698166846206208,8.839867211250988,9.074041632740045,9.168931758765657,9.18226266207639,9.159407395382958,9.130557772292175,9.101703675415921,9.084445522733391,9.704677145500957,10.179170370700252,10.269582877520342,10.2723114357619,10.205384103323988,10.129172571140428,9.823789741863463,9.554142927647622,8.693119696984391,-6.683657432200666,5.928178609801678,7.093352334145018,9.104189751404848,9.132594277164769,8.422380945971891,-8.250115903200768,-9.3392434851228,-6.180285447292781,9.335313894103088,10.028738445927274,9.96064093856538,9.889988947242422,9.809746944462383,9.723208551389574,9.64457456053671
Ar,9.805777278742326,7.7313523740199415,9.294316065936263,10.22603050755401,10.355828229354499,9.961106586621916,10.051413150547258,9.772269441430907,9.023478063037679,-5.358316417684201,8.661109568212707,9.89636559156895,10.362208915364553,9.965036415919032,10.21594626039884,10.03563047745838,9.442982090852109,0.0,8.1220492468213,9.648756481335603,10.321009020374996,10.455877448582454,10.457485269216402,10.431280454135804,10.418411643740106,10.37213182391918,10.279984254955929,10.165168615409385,9.918993536424848,9.84339168390024,10.047072994984301,9.943469959091011,10.111507816059442,10.02035486865144,9.56823569840625,7.395930270505362,8.010468367549743,9.506723820080248,10.239911502446978,10.528542197942945,10.552711648797139,10.537262670241002,10.481674291263785,10.392641862139785,10.190863706866846,10.022843569271707,9.556426276462531,9.616630228656495,9.92013966311145,9.79778593646745,10.041814047038732,10.016305636138544,9.730837215224986,8.76102753589962,7.45349720882593,9.442729095507607,10.144500201881248,10.188734778650607,10.166108715198467,10.143551090886799,10.106642454210904,9.83146569869272,9.879316220095694,9.968530808888238,10.008417587882986,10.01419722732677,10.004314632800037,9.99202274515748,9.979932274700433,9.97279727645206,10.275478801366262,10.570467693799543,10.63248817641262,10.634387145819803,10.588268046798214,10.536935714004752,10.34451895252266,10.193215525093605,9.829843530211495,9.377637713411513,9.472222485436589,9.534033489299514,9.980967870707257,9.992884237699954,9.750689245857503,9.08162305745958,7.126485395317319,9.404028581429667,10.083701956016402,10.47126845385463,10.428057985316423,10.384373465153514,10.336200377757818,10.285992273048574,10.24196120065207
K,9.600442488502996,-6.994116588597886,8.923872232124676,10.095997357782093,10.242557549680901,9.78803803926601,9.894528363932121,9.559137289862019,8.502823480382396,-8.182917455858853,7.786145950129386,9.710579196193484,10.249700790554293,9.79270866908804,10.08450469491235,9.876039885029483,9.132635783638701,-8.1220492468213,0.0,9.403897619910788,10.20347971188536,10.35396037823976,10.35574091275021,10.326688396406393,10.312390495340349,10.260798782004377,10.157218435745099,10.026383116632854,9.737764698626448,9.646436131961368,9.889449096708795,9.767033756213051,9.964480778603155,9.858097353382005,9.299838028414262,-7.461396325970463,-5.876579807747208,9.218600342792463,10.111790821484325,10.434117182350494,10.460648281387058,10.443696905640527,10.382486096924115,10.28369684181426,10.055847905232545,9.86102379423483,9.28436413762765,9.362671727924845,9.73913840701082,9.590620953440197,9.883289653137405,9.853333096634152,9.507604155626078,8.010939915316895,-7.4042971712392385,9.132290865808685,10.002600778058756,10.053410752378799,10.027463131589965,10.001506428923523,9.958842702626134,9.631895011496136,9.69001291937493,9.79685881700532,9.844042226870803,9.850851276775346,9.839204629488284,9.82469016638026,9.810381349778044,9.801922407646106,10.152122820538061,10.480100351954789,10.547792095280943,10.54985879612071,10.499568003559826,10.443338158114756,10.229883363667568,10.058539136922334,9.62991272492355,9.042411738979865,9.172311148580594,9.2548656796685,9.81160822038797,9.825708298928443,9.532361688004812,8.59883010180752,-7.6612542677014925,9.079122037981788,9.932199733672535,10.370989071301539,10.323110001260448,10.274471278453861,10.220549542284651,10.16400786681562,10.114119697470425
Ca,7.8772969685591425,-9.489850437866156,-8.43976611984558,9.401884721035819,9.676477131382365,8.645538947992094,8.947290316739767,7.620230422169112,-8.882935421299226,-9.662298791254337,-9.182924002901181,8.379440185675756,9.68902486311337,8.660107076400747,9.378743183796411,8.898902286925596,-7.967004813038854,-9.648756481335603,-9.403897619910788,0.0,9.606588190863407,9.865084284546752,9.867985769611325,9.820227456494123,9.796388330592487,9.708386562551377,9.520902383887751,9.257294955221312,8.478668097398483,8.111323906964616,8.934140160318627,8.578166118489102,9.118581593709102,8.850503711850621,-7.090357813001418,-9.53778321555801,-9.432777211598799,-7.627369824459191,9.433256460095835,9.99266369227416,10.033620430093965,10.007520308347576,9.911185554461799,9.747840842729081,9.319823677050467,8.858498653718863,-7.2212866958836734,-6.196680543101015,8.483500784424812,7.820989621618903,8.918050284532907,8.83740058949815,7.1907791078016245,-9.118535744842253,-9.530800267605409,-7.968107072814156,9.205251618880789,9.314729042460977,9.25962392514471,9.202822285307809,9.105396154527455,8.041954635481144,8.299253635658623,8.672933562352666,8.811527810736687,8.830531716344087,8.797883627028883,8.756204615186016,8.713969327815208,8.68843174933814,9.511251548503253,10.063282162283064,10.164260273883718,10.167291513371449,10.092669977816328,10.006965111985087,9.654043999324392,9.325435151682504,8.032213075986903,-8.211331368334074,-7.827932417542783,-7.427303701717324,8.717636258905234,8.759164449061679,7.417289348578044,-8.811544047906605,-9.565143706319635,-8.121576292389115,9.041682645352306,9.892702109924334,9.814282420771487,9.73202291603839,9.63738239226101,9.533693847377252,9.437842185231746
Sc,-9.411372300386667,-10.243033288005854,-9.877597638833983,-7.920150839198377,6.981821058088807,-9.124634709226687,-8.878544527197267,-9.4591003149884,-10.001942395394238,-10.327945414975659,-10.110132590295935,-9.259778387716931,7.153149756096444,-9.115504461065784,-8.016067353900029,-8.927903588987727,-9.783891265212738,-10.321009020374996,-10.20347971188536,-9.606588190863407,0.0,8.385973666045901,8.398645599753754,8.172125858337449,8.04152808815823,7.373787719977946,-7.10779942732374,-8.38540373736647,-9.215560189759293,-9.352827812401621,-8.89244130550722,-9.164194001161071,-8.655235012128964,-8.972777007680513,-9.68419346761585,-10.265889608855774,-10.21656475211289,-9.735956863783011,-7.769047368332311,8.854251687890013,8.976923398789886,8.89991813543997,8.574173652500498,7.721281984441262,-8.217807560699487,-8.96564713165003,-9.69459332746267,-9.639032861366791,-9.213238972961001,-9.423110456573571,-8.908945113431828,-8.984230560852506,-9.513125441766892,-10.085150766429496,-10.262524344835327,-9.784070957648304,-8.499870092436774,-8.232986587875462,-8.379812501381203,-8.504771009191085,-8.675841172299334,-9.372004951852245,-9.291229043832692,-9.107283714722,-9.006044062308447,-8.990123766055321,-9.017138352170806,-9.049397540227016,-9.07977774479659,-9.097115944119935,-7.209689780079395,9.059985147443228,9.314456673201105,9.321532911427528,9.138185670338343,8.898237186821554,6.583865509584764,-8.200720724444905,-9.374567955526645,-9.82789151308315,-9.762563539578307,-9.713696562056727,-9.077226375483272,-9.047184192016928,-9.487882252633886,-9.979181317924448,-10.27919326585905,-9.810698000734856,-8.766455231617911,8.501891721460995,8.14083581840256,7.594513625361668,6.143754818313662,-6.952571825226611,-7.7444729312947915
Ti,-9.717806019002216,-10.388080871660017,-10.080502150677763,-8.8729510538835,-8.104475686241988,-9.515083561554457,-9.355346039187554,-9.753155919844948,-10.183140059068991,-10.461941324280094,-10.274190261737829,-9.60850661663609,-8.041733850885217,-9.508912985641375,-8.911039489724885,-9.38627163615514,-10.00467593455459,-10.455877448582454,-10.35396037823976,-9.865084284546752,-8.385973666045901,0.0,4.041725167877466,-6.739643510209245,-7.153649714630208,-7.934679656902807,-8.631517747023908,-9.078721603109166,-9.577511737683755,-9.675049067341492,-9.363995110391649,-9.542025370382314,-9.222687901928634,-9.414879323446323,-9.92553438906253,-10.407882152979472,-10.365227916080775,-9.966421816156354,-8.817348199281703,7.870922086823495,8.170216732923087,7.98862760200739,6.81241501133733,-7.664001023720181,-8.998443475458041,-9.410302901911935,-9.933713323012192,-9.890230665863285,-9.575896354874745,-9.726459485049078,-9.3743262239634,-9.422255393341013,-9.793692681679508,-10.253028600830758,-10.404963023209833,-10.00481975637193,-9.137581988624563,-9.00542705961638,-9.07593016058779,-9.140174901905873,-9.23442295010145,-9.688980483090553,-9.630800831060684,-9.503374245446857,-9.436386197874647,-9.426062312079331,-9.443614648848234,-9.464791156163047,-9.48494773950633,-9.496543277576578,-8.654621403696591,8.347570044227993,8.81182672257399,8.823497479192481,8.50101207268215,7.984440965132284,-8.205981437031195,-8.990653140045218,-9.690847890149051,-10.040111406841099,-9.987609460378083,-9.94878415535368,-9.483247074830484,-9.46333074648869,-9.774684235289588,-10.164187642057838,-10.419434893889532,-10.026228462791225,-9.28725651447864,6.291486417673598,-6.861018321431779,-7.782749066997455,-8.273930099287751,-8.59968702076898,-8.808802540478302
