element,0,1,2,3,4,5,6,7,8,9,10,11,12,13,14,15,16,17,18,19,20,21,22,23,24,25,26,27,28,29,30,31,32,33,34,35,36,37,38,39,40,41,42,43,44,45,46,47,48,49,50,51,52,53,54,55,56,57,58,59,60,61,62,63,64,65,66,67,68,69,70,71,72,73,74,75,76,77,78,79,80,81,82,83,84,85,86,87,88,89,90,91,92,93,94
H,7.147144159983325e-18,-1.0984253608033039,-0.502977197369705,0.6561958679142054,0.9212565135683299,0.21110234456537014,0.34978146466717513,-0.04139667517403292,-0.6816976394090875,-1.2708156722717654,-0.8563454218817511,0.11911489619386109,0.9351943812465693,0.2168804538936687,0.6370075638239543,0.32463298823477943,-0.38223931396408056,-1.256176432477431,-1.0229853561744893,-0.1825498531436304,0.8467421087789461,1.1503844606252922,1.1542564240912234,1.0919114648790413,1.0618870758813503,0.9570489624741385,0.7622138789718945,0.5432725028883864,0.15059000514125812,0.0481528100008834,0.34282610355469667,0.18545044254877102,0.4492531906459972,0.3006673212713834,-0.26561525443799,-1.1433979645072674,-1.0476133139428327,-0.3247148048094849,0.6829282859077467,1.331773910736288,1.3950834681342095,1.3544403469373842,1.2132765486661772,1.002912698234776,0.5901107184932374,0.3045474002287061,-0.27724483691469703,-0.21649506897208748,0.15220537266952675,-0.009998542001668848,0.33443933607923354,0.29437599465750924,-0.0907020042461873,-0.8143238756081453,-1.136711585014571,-0.3824596254934494,0.5064611841157084,0.5861838115741667,0.5449649653898386,0.5047887798539871,0.44097625943900143,0.03268510220562139,0.09586456152056977,0.22203764600212672,0.28219308907576646,0.291110807675509,0.27589418154781437,0.25717657630287916,0.2389884714994431,0.22835802540356986,0.753139693600354,1.442584711360728,1.6152664068189693,1.6207244653800983,1.4910545737944136,1.353587608073625,0.8967702768273942,0.5944589159322242,0.030599644977922728,-0.4375248261792974,-0.3563036792023737,-0.29892441282257304,0.24053733989004905,0.2584802696871775,-0.06733260754071078,-0.6473003273840022,-1.1700525612511394,-0.41563182210211824,0.4024842900863839,1.1877120519109323,1.0843566704466225,0.9843097354196663,0.8789337458162069,0.774377195879431,0.6869065376250362
He,1.0984253608033039,7.147144159983325e-18,0.5954479240297721,1.7546210591324956,2.0196817035339563,1.3095277139842592,1.4482063322160275,1.057028053897302,0.41672766697856767,-0.17239039858901725,0.24207986852027077,1.217539528504099,2.033619685361955,1.31530501471391,1.735432138341897,1.4230571930986593,0.7161861191202684,-0.1577511973067794,0.07543750527033317,0.9158755412247959,1.9451674531426715,2.2488083611287846,2.2526816896545196,2.190335468019891,2.1603112066635766,2.055473168923418,1.8606381451966583,1.6416967020733801,1.2490166061728991,1.1465781722691228,1.4412514740191904,1.283875810819095,1.547678536975806,1.3990926748238297,0.8328099830991027,-0.044973096033046424,0.05081197697755294,0.7737078064308522,1.7813536671436343,2.4301992193601616,2.493508885454067,2.4528657304542705,2.3117018870784123,2.101338013001887,1.6885360661534714,1.402972767717735,0.821177716312863,0.8819303008366896,1.2506308991667452,1.0884268487018296,1.4328647482343577,1.392801398730949,1.0077232014634978,0.2840966286846795,-0.03828641056859824,0.7159654825495817,1.6048863803664264,1.6846092407671889,1.6433903784854762,1.6032141848388441,1.5394016591756434,1.1311143317474732,1.194289918088103,1.3204630339708765,1.3806184740513168,1.389536185236759,1.374319557721904,1.355602087624719,1.337413985736801,1.326783544085376,1.8515650498056486,2.5410098835317507,2.7136890410446837,2.7191498582959612,2.589479916357197,2.4520129246122377,1.9951956732123397,1.6928843370675062,1.1290214808987578,0.6609007512724117,0.7421216532700831,0.7995008886701966,1.338962758873129,1.356905672306804,1.0310927074416323,0.4511192604191056,-0.07162729773110547,0.6827933907335332,1.5009095617467807,2.2861375260294343,2.182782088130639,2.0827351347591754,1.9773593323897436,1.8728027576165658,1.78533207932156
Li,0.502977197369705,-0.5954479240297721,7.147144159983325e-18,1.1591731351027232,1.4242337795041842,0.714079698295064,0.8527583165430963,0.461580553090906,-0.17872044339103196,-0.7678384794354832,-0.35336820515106027,0.6220921248927144,1.438171669445684,0.7198576917901467,1.1399847846362123,0.8276101846778229,0.12073790666338384,-0.753199234287819,-0.5200082701088733,0.32042737756628553,1.349719389154297,1.6533617613112475,1.6572338028771982,1.594887451443136,1.5648631899327272,1.4600251520005776,1.265190128147237,1.046249690794497,0.6535684800615164,0.5511300324589575,0.8458033655993978,0.6884277328786977,0.9522304246482379,0.8036445776632463,0.23736182627403343,-0.6404212096358054,-0.5446361402735204,0.17826236029466638,1.1859055645815697,1.8347512461159439,1.8980632278774894,1.857417588924831,1.7162537787539198,1.5058899044613234,1.0930878760084086,0.8075246869327446,0.22573235607057945,0.28648213894394303,0.6551827789201697,0.4929785701175101,0.8374165789027916,0.7973532221518348,0.41227500551431745,-0.3113466572772567,-0.6337345235385453,0.12051752069664735,1.0094379947311451,1.0891610432169916,1.047942193341087,1.0077660815513199,0.9439535558816754,0.5356661605538031,0.5988417523472329,0.7250148704292831,0.7851703713307883,0.7940880876610241,0.7788714599351103,0.7601538539761488,0.7419657490796356,0.7313353041677664,1.256116961477588,1.9455617644252428,2.118243585132372,2.123701711822322,1.9940318082008766,1.856564816287433,1.3997474457512926,1.097436379507303,0.5335768898391562,0.06545238173296483,0.14667352871126904,0.20405278780138433,0.7435145364970553,0.7614574432190301,0.43564458133474016,-0.14432308793057763,-0.667075501364583,0.08734542327909355,0.9054612573269767,1.6906892893626373,1.5873339842853362,1.4872870317827223,1.3819110317702465,1.2773544745039251,1.1898838113611163
Be,-0.6561958679142054,-1.7546210591324956,-1.1591731351027232,7.147144159983325e-18,0.2650607004781644,-0.4450935615340437,-0.306414699534703,-0.6975928138619143,-1.3378938186551332,-1.9270118568256227,-1.5125415761753944,-0.5370812417073298,0.27899906962059684,-0.4393156838286935,-0.019188621842953932,-0.33156321850459647,-1.0384354124661372,-1.9123726121939637,-1.6791815422266245,-0.8387459109881429,0.19054589600846433,0.49418828062165393,0.4980605142635165,0.43571528636981693,0.4056908085115495,0.3008527851335757,0.10601772431267341,-0.11292363768389994,-0.5056048724652064,-0.6080433081954891,-0.3133699743088685,-0.47074567895937547,-0.20694299299598484,-0.3555288409102696,-0.9218114520273132,-1.799594468510145,-1.7038093459026773,-0.980911011457824,0.026732265554725517,0.6755776881076161,0.7388898434822111,0.6982441552239075,0.5570782557100649,0.34671648656410115,-0.06608753035179747,-0.35164858953258066,-0.9334409276319703,-0.872691126206199,-0.5039907791893806,-0.6661947039892001,-0.3217567996191902,-0.3618201442505747,-0.7468983739636105,-1.4705198426502426,-1.792907776687033,-1.038655887351981,-0.14973522507037043,-0.07001212517103145,-0.1112310048245355,-0.15140720586877962,-0.2152197343229276,-0.6235072223726696,-0.5603316309248906,-0.434158522113879,-0.3740030796041853,-0.36508536132117175,-0.3803019869295758,-0.39901959143235227,-0.4172076953150717,-0.42783814068291576,0.09694352318845834,0.7863884089773122,0.9590701982588333,0.9645257907462411,0.8348583712407596,0.697391550663051,0.24057144212293455,-0.06173724170136314,-0.625596266988795,-1.0937204906696851,-1.0124997440088734,-0.9551204390554037,-0.4156588135283779,-0.39771589297797366,-0.7235288031356951,-1.3034962333764473,-1.8262486834580927,-1.071827802545161,-0.2537118760645841,0.5315161718764486,0.42816048205790624,0.32811355093679917,0.22273756411955037,0.11818104161814104,0.03071038147976107
B,-0.9212565135683299,-2.0196817035339563,-1.4242337795041842,-0.2650607004781644,7.147144159983325e-18,-0.7101541921845032,-0.5714753972457256,-0.96265352521535,-1.6029545227084643,-2.1920725608917757,-1.7776022785521588,-0.8021419538471547,0.01393837143001049,-0.7043763858526778,-0.28424928867538357,-0.5966238810990683,-1.3034961285439748,-2.177433319597541,-1.944242249582188,-1.103806622911689,-0.07451479377818164,0.22912761538731977,0.23300090079210306,0.17065454727703783,0.14063016520589058,0.03579130674201136,-0.15904372693073524,-0.3779843172118675,-0.7706655847461775,-0.8731040178785349,-0.5784307125120836,-0.73580640628586,-0.47200359945815984,-0.6205895643041981,-1.186872159382877,-2.0646551731898297,-1.9688700602307418,-1.2459715587923457,-0.23832843091550665,0.4105169681709097,0.473829188646748,0.4331834642574891,0.29201961973807555,0.08165575371776178,-0.3311460415976691,-0.6167092069586613,-1.1985016316306238,-1.1377518290007242,-0.7690513611164281,-0.9312554113447643,-0.5868175425490434,-0.6268808871724318,-1.0119589166480074,-1.7355805494639736,-2.0579684846632897,-1.303716402699696,-0.41479593506792584,-0.33507304250428993,-0.37629189137964075,-0.41646807837398625,-0.48028063006012855,-0.8885677627615313,-0.8253921902404896,-0.6992192294733591,-0.6390637939809867,-0.630146075697974,-0.645362571594441,-0.66408017710553,-0.6822684054775667,-0.6928988508220003,-0.168117232791928,0.5213276468188223,0.694009547786399,0.6994675781259223,0.569797631014132,0.4323306459341398,-0.024486605782692277,-0.3267979306719931,-0.8906568142089406,-1.3587815581780354,-1.2775604442841397,-1.2201811464109664,-0.6807195692010519,-0.6627766475841098,-0.9885895103137825,-1.568556940732011,-2.091309121281238,-1.3368885070525491,-0.518772513686359,0.26645508935965057,0.16309980502718208,0.06305287244159358,-0.042323117542021615,-0.14687967617139175,-0.23435016935438638
C,-0.21110234456537014,-1.3095277139842592,-0.714079698295064,0.4450935615340437,0.7101541921845032,7.147144159983325e-18,0.13867875074056035,-0.2524993684292904,-0.8928003486713997,-1.4819183785628778,-1.0674481365192925,-0.09198777420999679,0.7240920364533731,0.005777752150660699,0.4259048588517151,0.11353024944899894,-0.5933419540268547,-1.4672791536896825,-1.2340880837873411,-0.39365255749967604,0.635639398181587,0.9392817536994668,0.9431550892394197,0.8808087447610378,0.8507843614163809,0.7459461929972498,0.5511111207839636,0.33216976819238153,-0.06051145848891389,-0.16294988676054983,0.13172340207005453,-0.025652257984062222,0.23815047880043078,0.08956463379643276,-0.47671808748458455,-1.354501022394917,-1.2587158874633952,-0.5358175589872698,0.4718255664151144,1.120671199888114,1.183983454935447,1.14333556759042,1.002173853246481,0.7918099797624824,0.3790080004025257,0.09344469857365076,-0.4883473818902517,-0.42759777088354095,-0.05889730465738617,-0.2211013373512556,0.12333679570042341,0.08327347054461882,-0.3018048862640687,-1.0254265529339646,-1.347814317873047,-0.5935624276437542,0.29535846936632676,0.375081324473007,0.333862277799298,0.2936860908049524,0.22987357079173285,-0.17841374782374292,-0.11523816017097972,0.01093509283408182,0.07109039453663132,0.08000823709190559,0.06479160845110762,0.046073881256777915,0.027885777170541207,0.017255331785632433,0.5420369890498447,1.2314819877638519,1.4041612791024536,1.4096217584542718,1.2799518815807214,1.142484889603368,0.6856675722839985,0.3833562136686866,-0.1805030376941701,-0.648627509908117,-0.5674063812044524,-0.5100271540699527,0.029434842328036923,0.047377551399448645,-0.2784353022903131,-0.8584030380058378,-1.381155266474654,-0.6267346355781328,0.1913815847976444,0.9766092542429257,0.8732539655833101,0.773207031354246,0.6678310417512121,0.5632744912900304,0.47580381561350915
N,-0.34978146466717513,-1.4482063322160275,-0.8527583165430963,0.306414699534703,0.5714753972457256,-0.13867875074056035,7.147144159983325e-18,-0.3911782757379816,-1.0314794370094458,-1.6205977045896969,-1.2061268818281092,-0.23066653964861916,0.5854138126927017,-0.1329009887712389,0.28722610116067127,-0.025148496021680934,-0.7320207144661133,-1.6059579139857234,-1.372766844226601,-0.5323312164443008,0.49696064332285983,0.8006030030324821,0.8044763437261782,0.7421299921865587,0.7121049284587263,0.6072668344565965,0.412432380887948,0.19349109672278567,-0.19919018156142826,-0.3016286147731114,-0.0069553517391785285,-0.16433101559701738,0.09947174010159537,-0.049114044536178715,-0.6153967573062659,-1.4931797699913263,-1.397394647902654,-0.674496310411133,0.33314684207185746,0.9819924450369891,1.0453046978953382,1.0046588893445736,0.8634950956874745,0.6531310896563076,0.24032925039806444,-0.04523404862886896,-0.6270262305791665,-0.566276508092177,-0.1975760605985562,-0.35978010664953075,-0.01534199378274422,-0.05540529006431935,-0.44048366879279,-1.1641051357711678,-1.4864930781959012,-0.7322411773014287,0.15667942925578351,0.23640257016637145,0.19518369051286732,0.15500748946862333,0.09119496101447537,-0.3170925118546526,-0.2539169245261151,-0.12774378910926296,-0.06758823344877452,-0.05867063958136331,-0.0738872655476317,-0.09260475430969965,-0.11079285775592346,-0.12142330077010731,0.40335822610806843,1.092803108216871,1.2654826432134596,1.2709430077872872,1.141273123608217,1.0038059532466521,0.5469888223735917,0.24467746405588528,-0.31918177229383765,-0.7873060503036066,-0.7060851109805255,-0.6487059005126227,-0.10924410666321382,-0.09130118605258425,-0.41711409244892833,-0.997081781207309,-1.519833978375623,-0.7654141183549575,0.05270287537092623,0.8379303316796967,0.7345751884929914,0.6345282573722344,0.5291522705550886,0.42459572260768164,0.3371250658881555
O,0.041396675174032935,-1.057028053897302,-0.461580553090906,0.6975928138619143,0.96265352521535,0.2524993684292904,0.3911782757379816,7.147144159983325e-18,-0.6403011608169873,-1.2294195412395625,-0.8149487542145272,0.16051157321139312,0.9765916301526053,0.2582769608039772,0.6784038747243708,0.36602964924374,-0.34084258598622946,-1.2147797854510423,-0.9815887157467169,-0.14115315927998937,0.8881387662258795,1.191780243319681,1.1956536357324214,1.1333074141205752,1.1032831527298994,0.9984451148380034,0.8036100908605305,0.5846686930165982,0.19198792265368037,0.08954948886016746,0.38422196001112213,0.2268471215267998,0.4906498947530403,0.34206400501050277,-0.22421871234157079,-1.10200165340614,-1.0062166651823914,-0.2833181435811413,0.7243249580595509,1.3731706804590982,1.4364827100113995,1.3958370149174029,1.2546732290516491,1.0443093381021293,0.6315072978717982,0.3459421706630899,-0.23584816593178423,-0.1750983777130874,0.1936020478434617,0.03139803182076695,0.3758361579266068,0.3357726627194089,-0.04930551031556467,-0.772927208170062,-1.0953149495533894,-0.3410630221849203,0.547857527554453,0.6275804867410966,0.586361640554079,0.5461854550175896,0.48237293460411085,0.0740856361772966,0.1372612204296494,0.26343431076504853,0.32358976424341135,0.3325074828424587,0.31729085671512,0.29857325147086744,0.28038513650502717,0.26975469097253785,0.794536422891052,1.4839812240920969,1.6566630695659763,1.6621211332841521,1.5324512585476746,1.394984266586263,0.938166859097091,0.6358529910082507,0.0719963394826591,-0.3961281510070914,-0.314906992795007,-0.2575277466970969,0.2819308591382222,0.29987692711593567,-0.025935926341809322,-0.605903659945919,-1.1286560317019634,-0.37423585721077074,0.44388092395664874,1.2291085586005934,1.125753342063041,1.0257064070421382,0.9203304174399753,0.8157738675029214,0.7283032092457293
F,0.6816976394090875,-0.41672766697856767,0.17872044339103196,1.3378938186551332,1.6029545227084643,0.8928003486713997,1.0314794370094458,0.6403011608169873,7.147144159983325e-18,-0.5891180381839964,-0.1746477651247356,0.8008127626994358,1.616893019181639,0.8985780289001671,1.318705018489033,1.0063301684986756,0.2994583917107731,-0.5744787876542715,-0.3412878407267315,0.4991478473684257,1.5284397859711143,1.832081296110081,1.83595479814668,1.7736085769082968,1.7435843155762536,1.6387461751706562,1.4439112028529493,1.2249698117052061,0.8322884215228683,0.7298505233377296,1.024523122986957,0.8671481302540047,1.1309508822938896,0.9823650938408539,0.4160822971015548,-0.4617007507685302,-0.3659156768597051,0.35698280228296075,1.3646260161718287,2.013471563521244,2.0767819316189637,2.0361380635122965,1.894974230381944,1.6846103567056603,1.2718084105111316,0.9862451134304573,0.4044528274449826,0.46520261161914217,0.8339030980027805,0.6716990689751937,1.0161370964913798,0.9760737470779534,0.590995483443525,-0.13262618601248005,-0.45501406482579254,0.2992379818752218,1.1881581473399023,1.267881589023048,1.2266627268476604,1.1864865331379288,1.1226740075214798,0.7143866191544723,0.7775622671624762,0.9037353829466368,0.9638908229682425,0.9728085392649365,0.9575919115394219,0.9388743055528651,0.9206862009620866,0.9100557560573957,1.4348374170122415,2.1242822278893767,2.2969620872703644,2.302422191385107,2.1727522496655634,2.035285271092933,1.5784680063873502,1.2761566725937075,0.7122973319162791,0.24417284350020635,0.3253939904760365,0.3827732257754103,0.9222350187541344,0.9401779289563459,0.6143650411320857,0.03439736752525103,-0.48835498121209414,0.26606585541977756,1.0841817329692391,1.8694098741977698,1.7660544365193447,1.6660074839499392,1.5606314826581973,1.4560749254710874,1.3686042624155692
Ne,1.2708156722717654,0.17239039858901725,0.7678384794354832,1.9270118568256227,2.1920725608917757,1.4819183785628778,1.6205977045896969,1.2294195412395625,0.5891180381839964,7.147144159983325e-18,0.4144703312458856,1.3899306873050281,2.206010833077412,1.4876962977508728,1.9078233953998245,1.59544814939301,0.8885759700504613,0.014639189323428045,0.2478301654880581,1.0882659261718204,2.1175570579088117,2.42119956182807,2.4250726950149515,2.362726541841351,2.3327026641931234,2.2278645393536665,2.033029457868064,1.8140881265395614,1.4214066073265643,1.3189682193000372,1.6136413130896865,1.4562657268201027,1.7200683796666274,1.5714830928775834,1.0052004341318652,0.127417276751132,0.22320239150516114,0.9461009127728053,1.953744046655724,2.602589645035543,2.665900194628063,2.625254463796154,2.4840907395341194,2.2737269377285796,1.8609249846333902,1.57536318296667,0.9935708014317541,1.0543207692545453,1.423021108827547,1.2608171847853127,1.6052551350656405,1.5651917761517242,1.180113585350313,0.456491834139304,0.1341040039572105,0.8883562034220315,1.7772767638301825,1.8569996242544617,1.815780754177992,1.775604561358255,1.7117920480918603,1.3035048693964932,1.3666804225660403,1.4928534075076956,1.5530088575547418,1.5619265739103558,1.5467099465093366,1.5279923408991554,1.509804236653763,1.4991737919432007,2.023955446472189,2.7133986163707706,2.886080350395612,2.8915382204587,2.7618682910156336,2.624401343485174,2.167585899697543,1.8652747166356012,1.3014154688579809,0.8332909000655793,0.9145122654336393,0.971891348551471,1.5113531424192974,1.5292960555232362,1.2034831881737507,0.6235153840788885,0.10076311003274332,0.8551838008510536,1.673300095888827,2.4585279094717056,2.3551724622981713,2.2551255029267776,2.1497496723736895,2.0451930988938654,1.957722420188113
Na,0.8563454218817511,-0.24207986852027077,0.35336820515106027,1.5125415761753944,1.7776022785521588,1.0674481365192925,1.2061268818281092,0.8149487542145272,0.1746477651247356,-0.4144703312458856,7.147144159983325e-18,0.9754603491369263,1.7915405239615767,1.073225988635038,1.4933530786657256,1.1809780733396855,0.4741061514211819,-0.3998310268580404,-0.1666400466098192,0.6737956546123041,1.7030866971914886,2.0067292011406215,2.010602703187657,1.9482564004752247,1.9182320223021478,1.8133940266654067,1.6185590585644611,1.3996177798350955,1.006936324312274,0.9044978571732615,1.1991709499075167,1.0417956285915875,1.3055981086754502,1.1570127798274572,0.5907301686336333,-0.28705299007759094,-0.1912678774871748,0.5316307354769082,1.5392737750929677,2.1881193738039775,2.2514315152513644,2.210784100084561,2.0696203752239217,1.8592565728858992,1.4464547355224657,1.1608929136012984,0.5791007028024335,0.6398505031396867,1.0085487439961018,0.8463469211284036,1.1907848616945653,1.15072151220491,0.7656433155237979,0.042021548387908725,-0.2803662755031415,0.4738857675330736,1.3628063964573867,1.4425293542181945,1.401310491997963,1.3611342983466101,1.2973217726813255,0.8890344452807668,0.952210031859014,1.078383253407728,1.138538680621304,1.147456390945192,1.1322397603021133,1.1135221547161847,1.0953340525691793,1.084703611499037,1.609485176789793,2.2989282449338178,2.4716118794792727,2.477069967293652,2.3473981101893417,2.2099311519028637,1.7531156507003325,1.4508044450765154,0.8869453623546298,0.4188175910562861,0.5000417843641519,0.5574210201485169,1.0968828723263773,1.1148257856989607,0.7890128389212675,0.20903979292299732,-0.3137071918967456,0.44071363881220027,1.2588300113985718,2.0440576393922485,1.9407022016043955,1.8406554263944142,1.7352793982365717,1.6307228334783266,1.543252155244411
Mg,-0.11911489619386109,-1.217539528504099,-0.6220921248927144,0.5370812417073298,0.8021419538471547,0.09198777420999679,0.23066653964861916,-0.16051157321139312,-0.8008127626994358,-1.3899306873050281,-0.9754603491369263,7.147144159983325e-18,0.8160801748246503,0.09776563949811148,0.5178926471296563,0.20551806031495545,-0.5013541763216932,-1.3752913750160414,-1.1421003055550558,-0.30166474496846124,0.7276272301756659,1.0312687539842698,1.0351422550217255,0.9727960307978308,0.9427717629363083,0.8379338231575957,0.6430988508398885,0.42415724527916104,0.03147635872980413,-0.07096207418552943,0.22371123883239966,0.06633554837485924,0.33013830899045715,0.18155243177779543,-0.3847302440325926,-1.2625132608148986,-1.1667282285009828,-0.4438297770211493,0.5638133849171149,1.2126590875817498,1.275971116700298,1.2353254816098174,1.0941616967596135,0.8837976866589521,0.47099584918194587,0.1854325329315348,-0.39635966991313804,-0.33560995593099574,0.033090476446985484,-0.12911354218850937,0.21532444037432416,0.17526111133103425,-0.20981708140261535,-0.9334387524896293,-1.2558265178916663,-0.5015746294114763,0.38734599232915673,0.46706891020924046,0.42585005727040876,0.3856738728991182,0.3218613577437013,-0.08642593987122475,-0.023250352690682163,0.10292276140502604,0.1630782048590467,0.1719959227514378,0.15677929667168644,0.13806169181895142,0.11987358772417307,0.109243142396942,0.6340248371579813,1.3234697464398253,1.496151503952087,1.5016096095657594,1.3719396677904476,1.2344726928290914,0.7776553800572317,0.4753441226931804,-0.08851523014941962,-0.5566395019063484,-0.4754185577839501,-0.4180393414070699,0.12142243697149932,0.13936535887974613,-0.18644750963313683,-0.7664152256408717,-1.2891674251448015,-0.5347471028481643,0.2833693597278916,1.0685970035351535,0.965241768848951,0.8651948338121801,0.7598188442048139,0.6552622942669055,0.5677916360158618
Al,-0.9351943812465693,-2.033619685361955,-1.438171669445684,-0.27899906962059684,-0.013938371430010473,-0.7240920364533731,-0.5854138126927017,-0.9765916301526053,-1.616893019181639,-2.206010833077412,-1.7915405239615767,-0.8160801748246503,7.147144159983325e-18,-0.7183145353265391,-0.2981876428325895,-0.6105622693768684,-1.3174345029653818,-2.1913717007683995,-1.9581806584625299,-1.1177450261434747,-0.08845312209606784,0.21518921531736143,0.2190625431976134,0.15671619528912978,0.12669151530620437,0.021853691130219177,-0.17298143912235736,-0.39192296064521376,-0.7846043661396928,-0.8870424298073192,-0.5923691087816212,-0.7497447719547343,-0.485942021857197,-0.6345278615532826,-1.2008105635227755,-2.0785935768693173,-1.9828084634625256,-1.2599099620241312,-0.2522669617545876,0.3965786132204888,0.45989080061593113,0.419243528650909,0.2780815471700282,0.06771739580799278,-0.3450845222130121,-0.6306477630253129,-1.2124399989960486,-1.151690234581142,-0.7829897785502425,-0.9451938154846623,-0.6007557977848342,-0.6408192506633769,-1.0258973207879056,-1.749518952257854,-2.0719068725628302,-1.3176547185368852,-0.4287343055738766,-0.3490114055820023,-0.3902302898389784,-0.43040647734492343,-0.494218993110928,-0.9025062243501132,-0.8393305989024207,-0.7131574916665427,-0.653002156088864,-0.6440844379579246,-0.6593009716085827,-0.678018577179923,-0.6962066804359562,-0.7068371234863097,-0.1820555516595374,0.5073892771086495,0.6800711238932303,0.6855273173625954,0.5558592778109499,0.4183923824193467,-0.038427155921123314,-0.34073630196331517,-0.9045954816570985,-1.3727199597269024,-1.2914987894146328,-1.2341195505508644,-0.6946579351989732,-0.6767150130278047,-1.0025276905686324,-1.5824953537288173,-2.105247522598928,-1.3508272776728145,-0.5327109488597414,0.2525167327612707,0.14916164473506668,0.04911467610206977,-0.05626149369559292,-0.16081803535782513,-0.24828869575727333
Si,-0.2168804538936687,-1.31530501471391,-0.7198576917901467,0.4393156838286935,0.7043763858526778,-0.005777752150660685,0.1329009887712389,-0.2582769608039772,-0.8985780289001671,-1.4876962977508728,-1.073225988635038,-0.09776563949811148,0.7183145353265391,7.147144159983325e-18,0.4201271076658265,0.10775249673434466,-0.5991197285392565,-1.473056927870424,-1.239865858299744,-0.399430330976051,0.6298616367133527,0.9335032636042611,0.9373767434475562,0.8750304532733039,0.8450061917911739,0.7401681535078513,0.545333128615009,0.32639171222559726,-0.0662892064796183,-0.1687276317834764,0.12594569659690877,-0.03143002465571706,0.2323727016121428,0.08378687062893507,-0.4824957681004323,-1.3602787838255892,-1.264493667825476,-0.5415953167255491,0.4660477912783254,1.114893438486477,1.1782056747048872,1.1375598822883508,0.9963960694650718,0.7860321458581839,0.37323030500791143,0.08766694577397005,-0.4941252408983873,-0.4333754377182799,-0.06467496061837581,-0.2268791132041532,0.11755901672141357,0.07749554534360413,-0.30758267300557846,-1.0312041498443099,-1.353592092258024,-0.5993402024828759,0.2895803961414288,0.36930355019607236,0.32808467128288643,0.28790847066987907,0.22409594256419138,-0.18419149696859313,-0.12101590956024844,0.005157282426357389,0.06531261445394923,0.07423046642603534,0.05901383768499062,0.04029610314393868,0.022108019387511328,0.011477574002602589,0.5362592340283019,1.2257042038931925,1.3983859355627706,1.4038440006551,1.2741740927448846,1.1367071048650983,0.6798897316451521,0.37757846132773587,-0.18628079039326345,-0.6544050735339909,-0.5731841135664701,-0.515804912108733,0.023657026777970738,0.041600003681026856,-0.28421306085316017,-0.8641807879010921,-1.386932979246317,-0.6325127423462757,0.18560379254286963,0.9708318539427283,0.8674762106120761,0.7674292763467897,0.6620532867448108,0.5574967363247756,0.470026062909889
P,-0.6370075638239543,-1.735432138341897,-1.1399847846362123,0.019188621842953946,0.28424928867538357,-0.4259048588517151,-0.28722610116067127,-0.6784038747243708,-1.318705018489033,-1.9078233953998245,-1.4933530786657256,-0.5178926471296563,0.2981876428325895,-0.4201271076658265,7.147144159983325e-18,-0.31237456904674443,-1.0192467978126694,-1.8931839897059102,-1.6599929540794096,-0.8195573215432433,0.2097345843972406,0.5133768895461847,0.5172495436062223,0.45490331319999977,0.42487899641629434,0.3200413413856732,0.12520622291261874,-0.09373500410175198,-0.48641680964566586,-0.5888547181517011,-0.2941814361095857,-0.4515570748127999,-0.18775431880021254,-0.3363401723730872,-0.9026228646549124,-1.7804058764589048,-1.6846207102261097,-0.9617222549795548,0.04592085289840598,0.6947663440539362,0.7580785185141259,0.7174328319695042,0.5762689627025909,0.36590535165509686,-0.046896826438139624,-0.33246008562377966,-0.914252316497003,-0.8535025473636265,-0.48480213255325105,-0.6470061273185664,-0.30256819099276355,-0.34263153974392907,-0.7277096198475441,-1.451331269875711,-1.7737191836434705,-1.019467233342197,-0.1305466098879588,-0.05082371100815469,-0.09204255175768529,-0.1322187391328308,-0.1960312593255027,-0.6043183954457465,-0.5411428373260082,-0.4149698747399673,-0.35481444608743884,-0.34589672774622576,-0.36111335137847345,-0.37983094638770076,-0.39801905100001955,-0.4086494967293178,0.1161321508016,0.8055771062552309,0.9782588819307011,0.9837168902368634,0.8540469796423458,0.7165799917073754,0.2597627769990862,-0.04255130373681818,-0.6064077924469132,-1.0745322236474821,-0.9933110999764542,-0.9359318550605923,-0.39647022274306193,-0.37852729656846085,-0.7043401674504686,-1.2843077418858626,-1.8070596463826367,-1.0526397319351415,-0.23452327909500337,0.5507044399428815,0.4473491070556269,0.3473021759290061,0.2419261891089427,0.13736964115967834,0.049896491066405736
S,-0.32463298823477943,-1.4230571930986593,-0.8276101846778229,0.33156321850459647,0.5966238810990683,-0.11353024944899894,0.025148496021680948,-0.36602964924374,-1.0063301684986756,-1.59544814939301,-1.1809780733396855,-0.20551806031495545,0.6105622693768684,-0.10775249673434466,0.31237456904674443,7.147144159983325e-18,-0.7068725312449758,-1.5808094888425008,-1.3476183875979584,-0.5071827552789033,0.5221091200199866,0.8257511268408133,0.829624658730586,0.7672782481742174,0.7372541820249731,0.6324161863882315,0.4375808614449899,0.21863973655290894,-0.17404176719819456,-0.27648014041531704,0.018193152949769698,-0.13918244340354421,0.12462021438691805,-0.023965625974253037,-0.5902482946800282,-1.4680313083425673,-1.3722463004239889,-0.6493478230304875,0.3582954186700917,1.0071410019412776,1.0704516913403728,1.0298074097254888,0.8886435052052593,0.6782796484872623,0.26547773521789264,-0.020085493834834364,-0.6018777486191166,-0.5411279720850865,-0.17242757879877124,-0.33463154578868193,0.009806468679028771,-0.030256942791774547,-0.41533516772210755,-1.1389566823050274,-1.4613446457782915,-0.7070927434831569,0.18182793490361704,0.2615482344523815,0.22033000199379585,0.1801557908734463,0.11634330940612618,-0.2919440200709797,-0.22876842359487956,-0.10259529457585234,-0.04243985422994284,-0.03352213645427713,-0.048738762659002004,-0.06745636755543444,-0.08564447163850411,-0.09627491689452317,0.4285067345900628,1.11795166653929,1.2906318469437246,1.2960915375211133,1.1664215012815615,1.0289545213304603,0.5721373893932007,0.2698259988678605,-0.29403327640711197,-0.7621576934758666,-0.6809364236188443,-0.6235572808548839,-0.08409562485316299,-0.06615270309940938,-0.3919655913782458,-0.9719330751759291,-1.4946854823292484,-0.740264444526576,0.07785140611261827,0.8630792775179702,0.7597237114611499,0.6596767764304412,0.554300786825203,0.4497442368880546,0.36227357830913604
Cl,0.38223931396408056,-0.7161861191202684,-0.12073790666338384,1.0384354124661372,1.3034961285439748,0.5933419540268547,0.7320207144661133,0.34084258598622946,-0.2994583917107731,-0.8885759700504613,-0.4741061514211819,0.5013541763216932,1.3174345029653818,0.5991197285392565,1.0192467978126694,0.7068725312449758,7.147144159983325e-18,-0.8739371897427297,-0.640746152975648,0.1996895081190708,1.2289809086075913,1.5326237412014223,1.5364970652723102,1.4741509120987086,1.4441263077771533,1.3392882087320623,1.1444531225285868,0.925511792978707,0.5328305270747089,0.4303921049172009,0.7250653720961376,0.5676897392882053,0.8314927113568991,0.6829066514493565,0.11662391961061609,-0.7611590661932989,-0.6653740292898516,0.05752444355458212,1.0651676244676134,1.7140132036075557,1.777324091619663,1.7366785592717813,1.5955148340062855,1.3851510306596977,0.9723490758546101,0.686786680361029,0.10499445974184614,0.16574423870007376,0.5344431458334491,0.3722406773569353,0.7166787047904473,0.676615355366873,0.2915352214772014,-0.4320846429787188,-0.7544723424163281,-0.00022024952205893105,0.8887000491336295,0.9684231973124143,0.9272043351371931,0.8870281414424391,0.823215615775507,0.4149282462302416,0.4781038759587179,0.6042769912360404,0.664432431235519,0.6733501475664142,0.6581335198409294,0.6394159138820488,0.6212278092748074,0.610597364370291,1.135379017085899,1.8248226461806982,1.9975043770583343,2.002962315833305,1.873292385552522,1.735825437442786,1.2790095345359953,0.9766981829591905,0.41283896877459975,-0.05528552494425994,0.025935622040711207,0.0833148699964811,0.6227743225778521,0.6407195555394188,0.31490364247742086,-0.2650610838764673,-0.7878133837570349,-0.03339209278867828,0.7847234023551277,1.569951482502467,1.4665960448093023,1.3665490922655097,1.2611732191617058,1.1566166437358025,1.0691459660735252
Ar,1.256176432477431,0.1577511973067794,0.753199234287819,1.9123726121939637,2.177433319597541,1.4672791536896825,1.6059579139857234,1.2147797854510423,0.5744787876542715,-0.01463918932342803,0.3998310268580404,1.3752913750160414,2.1913717007683995,1.473056927870424,1.8931839897059102,1.5808094888425008,0.8739371897427297,7.147144159983325e-18,0.23319102022444893,1.0736267019752586,2.1029191918517123,2.4065617145613523,2.4104342578430757,2.3480879138158017,2.3180635277891604,2.2132254159119795,2.0183903274329134,1.799449008555558,1.406767739286568,1.3043293105833642,1.5990026106814896,1.4416269503694727,1.7054305324243622,1.5568441123821861,0.9905609958973285,0.11277808073372561,0.20856317794331983,0.9314617542041277,1.9391043101046528,2.5879493900246806,2.65126241808459,2.6106168266935175,2.4694529045779547,2.2590888974391037,1.846286970909456,1.5607236291321112,0.9789310319579146,1.0396810667879552,1.4083810770827672,1.2461773494317054,1.590615248635393,1.5505525547232482,1.1654743549483915,0.441852653753863,0.11946498226428139,0.8737160981487475,1.7626375485059678,1.8423603922183465,1.8011415307450696,1.7609653377767804,1.6971528121849573,1.2888654666022545,1.3520411050905345,1.4782136141593687,1.538369289290509,1.5472866541629322,1.5320700765570885,1.5133524650443417,1.4951646555374245,1.4845341336483027,2.009316707177515,2.6987600195409116,2.8714422837093347,2.8769003770182553,2.7472302471528924,2.609763386123191,2.1529460676756242,1.8506343752939494,1.2867762922696495,0.8186517492650666,0.8998707897943492,0.957252118323666,1.4967139158745997,1.5146568283426496,1.188843962067125,0.6088762091234814,0.08612392070930824,0.8405461426431681,1.658660892291274,2.443888697627358,2.340533229446569,2.240486293781027,2.135110335492779,2.0305537716593287,1.9430831069631154
K,1.0229853561744893,-0.07543750527033317,0.5200082701088733,1.6791815422266245,1.944242249582188,1.2340880837873411,1.372766844226601,0.9815887157467169,0.3412878407267315,-0.2478301654880581,0.1666400466098192,1.1421003055550558,1.9581806584625299,1.239865858299744,1.6599929540794096,1.3476183875979584,0.640746152975648,-0.23319102022444893,7.147144159983325e-18,0.8404360615816534,1.8697281665853867,2.173369865123135,2.1772431957671032,2.114896834630321,2.0848724132502534,1.9800343409996302,1.7851992342032386,1.5662579181435734,1.1735766709186568,1.071138240389466,1.365811521725857,1.2084358402062993,1.472238631348796,1.3236531012269335,0.7573702601722322,-0.12041293631410065,-0.024627831658137405,0.6982706820982229,1.705913266422574,2.354758454304035,2.418070780646536,2.377425450627024,2.236261528511461,2.0258979617184583,1.6130960667976768,1.327532570170825,0.7457399389905858,0.806490015692324,1.1751900260596477,1.012986571477862,1.357424312914747,1.3173615472271945,0.9322821751374416,0.20866158130249066,-0.11372622420784118,0.6405251624281019,1.5294464611816287,1.609169323299728,1.5679504887594713,1.5277735525153615,1.4639610044703582,1.055674386448729,1.1188500353634474,1.2450224653863735,1.3051781539785885,1.3140959752452173,1.2988791408364428,1.2801617671124805,1.26197361195441,1.2513430892124358,1.7761253311110214,2.4655690838202657,2.6382510812329865,2.643709338446427,2.514039544285155,2.3765726832554535,1.9197551884207356,1.6174433155477665,1.05358367287652,0.5854607303966594,0.6666818401554031,0.724061036779723,1.26352292547119,1.2814658757549888,0.9556530042776181,0.37568515065907837,-0.14706712336151495,0.6073551275656109,1.4254699267668538,2.2106976122302124,2.107342175065045,2.007293224300037,1.9019192581196909,1.797361432066531,1.7098909180909392
Ca,0.1825498531436304,-0.9158755412247959,-0.32042737756628553,0.8387459109881429,1.103806622911689,0.39365255749967604,0.5323312164443008,0.14115315927998937,-0.4991478473684257,-1.0882659261718204,-0.6737956546123041,0.30166474496846124,1.1177450261434747,0.399430330976051,0.8195573215432433,0.5071827552789033,-0.1996895081190708,-1.0736267019752586,-0.8404360615816534,7.147144159983325e-18,1.0292921051919965,1.3329342438385574,1.336807550047377,1.274461196909726,1.2444368044306269,1.1395986897074033,0.944763603842799,0.7258222872207999,0.3331410201445029,0.2307025929173729,0.5253758988929257,0.3680002416633481,0.6318030030262265,0.4832171100528502,-0.08306554794392218,-0.9608485500353321,-0.8650634143733585,-0.142165010649413,0.8654781272744002,1.5143227992682824,1.5776350391467784,1.5369894989855293,1.3958259535958066,1.185462276415677,0.7726604636547549,0.4870964433419497,-0.09469500289682957,-0.03394521673620592,0.3347552184561944,0.17255119594107915,0.5169892029406182,0.4769258571617388,0.09184762792213307,-0.6317740330631199,-0.9541618844741142,-0.19990981556914317,0.6890106771472504,0.7687336992867703,0.7275148369845622,0.687338703835316,0.6235261764484594,0.21523674631961673,0.2784143763091347,0.4045875104021779,0.46474295045809644,0.4736606651429079,0.4584440367618378,0.4397264308281498,0.42153832696831506,0.41090780674751726,0.9356890364231905,1.625133441527396,1.797815173538878,1.8032732600312051,1.673603322326478,1.5361363664038312,1.0793189242883643,0.7770088057894127,0.2131495130139098,-0.25497498347888997,-0.17375383454214546,-0.11637461176249507,0.4230871709516339,0.44103008135364313,0.11521432119094756,-0.46475049775420374,-0.9875027055280989,-0.23308072482568484,0.5850339798017242,1.3702619847410786,1.266906546400704,1.1668571605950366,1.0614835778701404,0.9569270270611007,0.869456404353495
Sc,-0.8467421087789461,-1.9451674531426715,-1.349719389154297,-0.19054589600846433,0.07451479377818164,-0.635639398181587,-0.49696064332285983,-0.8881387662258795,-1.5284397859711143,-2.1175570579088117,-1.7030866971914886,-0.7276272301756659,0.08845312209606784,-0.6298616367133527,-0.2097345843972406,-0.5221091200199866,-1.2289809086075913,-2.1029191918517123,-1.8697281665853867,-1.0292921051919965,7.147144159983325e-18,0.30364257217604507,0.3075156764061305,0.24516931788867324,0.21514492770309343,0.11030681384521879,-0.08452827224838017,-0.3034695274091376,-0.6961508457526259,-0.7985892652824533,-0.5039159741070406,-0.6612916293507378,-0.39748867706656404,-0.546074737325259,-1.1123574484756915,-1.9901404078699527,-1.8943553133428135,-1.1714568296505143,-0.16381378528957538,0.48503185447120184,0.5483439652403858,0.5076983083021251,0.3665336662725962,0.15616985953050808,-0.2566320590368081,-0.5421946470511768,-1.1239868978335656,-1.0632370846888075,-0.6945366421319696,-0.8567406804756726,-0.5123026654112173,-0.5523659864353336,-0.9374441915634938,-1.661065819528908,-1.9834540838161643,-1.2292017794695551,-0.34028116806082487,-0.2605582578834718,-0.30177710619283454,-0.34195329129530333,-0.40576580663425094,-0.8140530528779517,-0.7508774633204033,-0.6247043619691718,-0.5645489266912691,-0.5556312125749225,-0.5708478408934552,-0.5895654472055397,-0.6077535504857519,-0.6183839935870822,-0.09360237751178752,0.5958414330916576,0.7685243295081274,0.7739823692632498,0.6443124931484864,0.5068454940797317,0.05002824380138022,-0.2522831063704354,-0.8161423276218183,-1.284266797795918,-1.2030456173142396,-1.14566642152347,-0.6062047466457641,-0.5882618235015431,-0.9140745651030311,-1.4940422209998718,-2.016794379179168,-1.2623733023150365,-0.44425779270709426,0.34096992633595635,0.23761460304256204,0.13756767225515804,0.03219178600227572,-0.07236486262637493,-0.15983553357543318
