element,0,1,2,3,4,5,6,7,8,9,10,11,12,13,14,15,16,17,18,19,20,21,22,23,24,25,26,27,28,29,30,31,32,33,34,35,36,37,38,39,40,41,42,43,44,45,46,47,48,49,50,51,52,53,54,55,56,57,58,59,60,61,62,63,64,65,66,67,68,69,70,71,72,73,74,75,76,77,78,79,80,81,82,83,84,85,86,87,88,89,90,91,92,93,94
H,0.0,-9.368818481879444,-8.916146189376686,7.919416510959103,9.446887724218621,8.078635463652068,8.077240164837354,-7.6773068282493275,-8.731698894259146,-9.496392952204637,-9.285170057363018,-8.106441095986472,8.933068428416691,9.743273435398242,9.478827986086525,-8.366096530433754,-6.238348753179602,-9.298541909881276,-9.386408004717895,-8.520618387565692,8.460236861569483,9.318621856246905,9.50997457722338,9.536256855748357,9.281314352386701,9.219429355912125,8.627235357065285,8.39925947255031,-1.9999176228070772,-7.974615997327763,8.856889844464366,8.463685253341062,-8.370657999872778,-7.272896014147821,8.198696098504971,-8.943950223649736,-9.517191270657507,-8.694279511045407,8.772732085865384,9.644753369065654,9.765451663965747,9.835683580384845,9.65609324515761,9.301050181561447,8.986422473819507,7.119607908920551,-7.9318627142753915,-8.69143753014275,-6.269614043614534,8.188063880290926,-9.235168170586372,-8.387604018280488,9.757063590917483,-9.391077612137824,-9.375965609369548,-9.41639897217371,-8.619456611867685,-6.383776277896059,9.029188479114499,8.509232918102663,8.424195214637287,8.399416153165893,8.221105987932267,8.14568761847298,8.093206304702015,7.966441783525127,7.719834021014693,7.439012133593428,6.913910763180882,-5.926032755470349,7.753444290945901,9.768819575642475,9.870367433209804,10.078333533146868,9.915943175008008,9.72828065564993,8.906012940166166,-8.016715859171681,-6.5671320790423895,-8.44887132490722,-8.606851156913711,7.095844592466283,-8.274404990320745,-7.566819768440366,8.65056097518754,-9.148197661606428,-9.381713034839587,-9.10848751488173,-9.23145095699323,-8.742612147601292,-8.424548806768065,9.759993578413543,9.68830539227626,9.567878520109712,9.433205714316847
He,9.368818481879444,0.0,8.358653367651133,9.579586216674405,10.101721182791053,9.611870846201848,9.611569830203122,9.165287023857465,8.616498436027788,-7.37486802955154,6.847189780427678,9.036285297486923,9.867588136721919,10.266583975670974,10.118442085626725,8.911858835018334,9.32422841187253,6.679800156440696,-5.34199302011033,8.81002807578758,9.707438565328214,10.037138535403162,10.134992609366385,10.149146105715504,10.01912587519757,9.990012293558367,9.758339717986402,9.690296655041108,9.368275249344455,9.083875236747108,9.838355259981872,9.708432519889783,8.90920683327985,9.237718657945155,9.639031567964416,8.308157078130735,-7.536441511796572,8.656884879888358,9.807640190889348,10.209383749371492,10.27978510466081,10.322366800740163,10.2158470292292,10.028613508736948,9.888887175284689,9.469026403512363,9.097581198505289,8.659826648210293,9.322779649645202,9.63652864136527,7.29089371578902,8.899182968570534,10.274778463946983,-5.578831903917669,-4.443323054641547,-6.349215897150709,8.729055210380414,9.317049256927302,9.906450607494563,9.72176697305338,9.697219749638775,9.69033974237397,9.644388515726432,9.626728180169371,9.615033519899217,9.58869769431439,9.54458865971407,9.504306467029817,9.451126689911362,9.33641382863899,9.550081909980225,10.281800138871493,10.343827716798499,10.478344258581838,10.372457306379616,10.257727079797665,9.857051481049727,9.069589925947254,9.306281175861333,8.86056553362884,8.740219313748138,9.46677973839502,8.961376162434183,9.188634866658056,9.765925971341128,7.749658112874399,-5.030850935845039,7.896047412172027,7.316492781080097,8.604109896129101,8.876360078934624,10.276525303132575,10.234378292351764,10.166402198034229,10.09463610398917
Li,8.916146189376686,-8.358653367651133,0.0,9.230190664690378,9.909419840436522,9.275674557534373,9.27525260962506,8.57423869781074,7.135744603892614,-8.676127827803585,-8.109732497433626,8.327620120312563,9.617723747610178,10.106001564875912,9.929650577268351,8.056266612944393,8.845103397395489,-8.152418203195163,-8.406232408977477,7.797768773940556,9.407016282139773,9.830590549591388,9.949606013918542,9.966617952175937,9.808399140960185,9.772331735961894,9.475158819231407,9.383797139828804,8.915291818558375,8.422021228437195,9.580034955436254,9.408358313524515,8.050016982048469,8.701449585421248,9.313485579287933,-5.352390396987123,-8.722753487989568,7.302263523840751,9.540083635399453,10.038493950006488,10.121484541149748,10.17119101920293,10.04615712243889,9.82009936166454,9.644986796105512,9.069505334321885,8.448425138553532,7.313615523035368,8.842763094884027,9.310011425367462,-7.937753407299245,8.02618448150253,10.115616739717082,-8.418627563553715,-8.37816087198602,-8.484253760332553,7.556920148163728,8.83348578276932,9.667347669393566,9.426317592435932,9.393191645312088,9.383855680446992,9.32089618687688,9.296407389487213,9.28009776754177,9.24308826816715,9.180185697689984,9.12166643808721,9.042696166496258,8.864705692208167,9.188084561496407,10.123844782946515,10.196111075416171,10.350464752103093,10.229223366407298,10.095593791625,9.60417590722031,8.394148088326045,8.815963257442222,7.931114296775709,7.592529604495329,9.06615345773645,8.169091898580461,8.616013905948181,9.485215945715767,-7.574128732210659,-8.393676468199377,-7.36600232594724,-7.924081440919229,7.080099930533664,7.9706494526113705,10.117664554975901,10.06807819719597,9.987294043162782,9.900826050339575
Be,-7.919416510959103,-9.579586216674405,-9.230190664690378,0.0,9.202259023312202,6.164711616831175,6.155213704319114,-8.498614431718522,-9.098896034772658,-9.68413619850664,-9.512381736322098,-8.710277032038356,8.482460512072363,9.567319547497295,9.242873569415057,-8.860497582851316,-8.08983888611824,-9.523050227516215,-9.593856553649731,-8.957551873073614,7.5878226497411605,9.035325799463514,9.282147914047144,9.315045445289256,8.98549124637998,8.901385394705562,7.948895186012585,7.435197478235597,-7.921734593573436,-8.640362568099825,8.360174743511813,7.596056734221171,-8.863281448663136,-8.340423430570414,6.78789016134761,-9.250576674498712,-9.701404961627365,-9.073125738903425,8.21787724894532,9.448679750602974,9.59370864742971,9.676568556075049,9.46245917730979,9.011932369487045,8.564963322494657,-7.323299168655398,-8.618624424530347,-9.071175348224727,-8.094801301299805,6.74357527397434,-9.472746622839491,-8.873669895840541,9.583741327378597,-9.597652755689635,-9.585378466007262,-9.618296907146185,-9.022508699199841,-8.114122874308814,8.62943563512675,7.701288989908893,7.499321714478865,7.435586921210773,6.8767315887470915,6.550026186815041,6.259488604186942,4.893144794227643,-6.211753168000204,-6.956632282004919,-7.4645016230552885,-8.046811132944907,-6.044017892980548,9.597706353833752,9.717114662801551,9.955704658441684,9.770042124808272,9.549416449089223,8.439671124758316,-8.662222307126687,-8.149164613686217,-8.911794057092612,-9.014101698586243,-7.342277172827916,-8.805577264408026,-8.451511255627688,7.994357399179639,-9.404808513037153,-9.590044571992568,-9.374225078462024,-9.469816627364978,-9.106467370060274,-8.896553598089145,9.587224543632653,9.501421021918157,9.354344192868835,9.184751448855131
B,-9.446887724218621,-10.101721182791053,-9.909419840436522,-9.202259023312202,0.0,-9.153224667791124,-9.153700669326225,-9.604169602020866,-9.845006454679929,-10.1650553420003,-10.062398938048302,-9.679307963439769,-8.535267200254875,8.382873274502261,6.021431020939321,-9.738995994977634,-9.4864308954379,-10.068567898683838,-10.110211538541684,-9.78046253282781,-8.980486711652295,-7.33047302780354,6.71652700866302,7.07774841255991,-7.567430153274748,-7.85492054788841,-8.866165508624018,-9.015043069996784,-9.447389897642521,-9.653351038351312,-8.638891767160501,-8.97842731179436,-9.740152305826543,-9.554523731930706,-9.108691788748816,-9.91980750672388,-10.17576629301338,-9.83286901770989,-8.734541876236946,7.927644958421868,8.466657794971642,8.703031602008796,7.989197191855391,-7.450172687212817,-8.450169384323488,-9.344317560475927,-9.645508900603158,-9.831956849181493,-9.487661084197734,-9.112939578664744,-10.03972409369134,-9.744486301625841,8.435579254553431,-10.112475941108665,-10.105158329251084,-10.12486664991843,-9.809509819455853,-9.492494826435918,-8.37254045624735,-8.950176472754752,-9.001301259695719,-9.01495841818537,-9.099521254202976,-9.129260418852354,-9.148200370928329,-9.188819775124365,-9.251198097185704,-9.30278773659183,-9.364215015302907,-9.475951916806208,-9.243784148054509,8.478960683421247,8.806981772389875,9.319515773106604,8.933655454352962,8.323107172384388,-8.574231001750524,-9.661341012327798,-9.50143746817047,-9.760622009306358,-9.805687463954499,-9.34685654170136,-9.716541529136308,-9.588816806761741,-8.847406531826875,-10.0017552726572,-10.107938850166047,-9.985035283474385,-10.038059046138358,-9.848598414621405,-9.754132232945212,8.446500813682428,8.149060308252658,7.39651661681781,-5.154591182449683
C,-8.078635463652068,-9.611870846201848,-9.275674557534373,-6.164711616831175,9.153224667791124,0.0,-1.7050757379574528,-8.590931964705549,-9.150598411751425,-9.713262099963073,-9.546872300133522,-8.785629198235231,8.379000422409211,9.533538985600613,9.195837504790548,-8.925674118070555,-8.225724240205167,-9.557180960098323,-9.625690919580157,-9.016875176398166,7.312784804687405,8.977119202735004,9.236964915288988,9.271357091489751,8.924217494732746,8.83455167660793,7.765473881379113,7.106543757687191,-8.080614097396003,-8.720957184335516,8.242434585440606,7.323608756939841,-8.928283172040976,-8.447741807372548,6.021935857729056,-9.295162236127634,-9.730039283743572,-9.1261431369943,8.080842981953147,9.410561966008702,9.560822493173523,9.646337453721204,9.424872959826196,8.952305565097717,8.470097298550574,-7.59582113538101,-8.700920021123249,-9.124293068642702,-8.23005750831508,5.92404381340199,-9.508607315137326,-8.93802101442449,9.55051994382292,-9.629368558923137,-9.61747984613937,-9.649374479809307,-9.07820296998447,-8.246955277241392,8.540759525602526,7.4596429559575474,7.194547914769575,7.10708467908786,6.204121618353041,5.414295119949649,3.877070565723133,-5.838593862735299,-6.8806337842156715,-7.329592100301088,-7.705106662444554,-8.188255047932662,-6.7982165619506345,9.56495357872233,9.688102395290706,9.932921360511063,9.742546230941437,9.515015047767413,8.331433167289376,-8.74113999147437,-8.277705688143145,-8.973803372145097,-9.070245524658043,-7.610302405709823,-8.874310397003738,-8.54807380306054,7.819845620566451,-9.443142433114039,-9.62199689053672,-9.413726269559083,-9.505773578987977,-9.157790091021806,-8.959493685427526,9.554120879113839,9.465297334587172,9.312375277546174,9.134829127269052
N,-8.077240164837354,-9.611569830203122,-9.27525260962506,-6.155213704319114,9.153700669326225,1.7050757379574528,0.0,-8.59009624971508,-9.150120970045622,-9.712990134345985,-9.5465510917538,-8.784941385606318,8.38003245475443,9.533864400204461,9.196293615790946,-8.9250762162333,-8.224519909047778,-9.556863046461594,-9.625394059986817,-9.016329405401649,7.315779265191757,8.977686792413005,9.237402652160146,9.271780032706218,8.924815910068016,8.83520621013503,7.767381273374193,7.110226982812434,-8.079220027710546,-8.720223402722192,8.243617546145188,7.326574239109656,-8.927685697184229,-8.446777372657673,6.0327806321791035,-9.294749071507361,-9.729771843486276,-9.125653304932126,8.082234990709019,9.410929956023507,9.561139150735746,9.646628161614405,9.425235721990358,8.952888100270515,8.471040428987054,-7.593556294511888,-8.700170523025715,-9.123802897903632,-8.228858387680212,5.936010896434822,-9.508273179378895,-8.937429750741554,9.550840184887372,-9.629072643213224,-9.617181286232794,-9.64908456931277,-9.0776896725669,-8.24577626068416,8.54163846781702,7.462231864182501,7.197921434599515,7.110765921992818,6.213178456934869,5.434139959636929,3.9662163007264475,-5.825393899054963,-6.875997682175995,-7.326635429084479,-7.703076560798531,-8.18700470663851,-6.793186945725993,9.565268931049191,9.688381213492551,9.93313963890164,9.742810276989893,9.515342618953921,8.332516737073476,-8.740422020682573,-8.276561081518864,-8.973240647603935,-9.06972812534884,-7.608072724277837,-8.873680247340253,-8.547200473002633,7.821650147502385,-9.442785706707918,-9.62170060192949,-9.41335906987479,-9.505445595143716,-9.157315525236685,-8.958915009681117,9.5544396655802,9.4656457272673,9.312781224912936,9.135313924263526
O,7.6773068282493275,-9.165287023857465,-8.57423869781074,8.498614431718522,9.604169602020866,8.590931964705549,8.59009624971508,0.0,-8.303615743392424,-9.31953790547578,-9.061748474143725,-7.054413927926221,9.183614567400713,9.862510593944702,9.631524334755651,-7.669039975862289,7.407197374696918,-9.07844013856039,-9.186804480068364,-7.958352200954048,8.836515567167071,9.4956254504263,9.658318791567629,9.681018437023534,9.464465467754566,9.413207912381369,8.954082496416799,8.795063189614535,7.67434778084746,-6.617982870969447,9.12482662918826,8.838888601578741,-7.678173095807462,6.577987710953353,8.664578848453747,-8.613158372416638,-9.344310365905496,-8.245610785381153,9.061096660670563,9.775561119582225,9.882220325684392,9.94494952978329,9.785517470307667,9.480929103933846,9.225391434627292,8.129697676248846,-6.440629329092233,-8.241156150968706,7.397276164953955,8.65792119389961,-8.998826148893304,-7.71176081534994,9.874760554099629,-9.192502121243308,-9.174041099876172,-9.22330143243597,-8.125802028838354,7.35732548040612,9.25921473808933,8.870413133346426,8.811926100231258,8.795168660118046,8.678710998655692,8.631641559126756,8.599687090659735,8.525236787793775,8.391728486571811,8.25814244605737,8.059600757768468,7.48725358740961,8.409024357013084,9.885217618893032,9.976098630170922,10.165045839856333,10.01719421364887,9.849214300164734,9.162619746284083,-6.772391439800069,7.278270767632909,-7.828831066816183,-8.105063749151114,8.121105743930494,-7.475554860879579,5.4241771080497365,8.970959303464303,-8.887332276886061,-9.18106848190496,-8.835474802941528,-8.99411559721543,-8.320309245006111,-7.783132427494226,9.877365232972231,9.81387398901355,9.708436256534133,9.592490505684323
F,8.731698894259146,-8.616498436027788,-7.135744603892614,9.098896034772658,9.845006454679929,9.150598411751425,9.150120970045622,8.303615743392424,0.0,-8.870154240371093,-8.429838467480602,7.966062590031036,9.530518412853406,10.053392357344306,9.866569059884835,7.548778818525638,8.645630487318797,-8.461011393227476,-8.653460539384293,7.073328910497199,9.29820678329312,9.760705487238827,9.88781016229653,9.905896779585346,9.736888478905312,9.69809489787432,9.373892856673027,9.272283722262829,8.730671378619856,8.098952323523571,9.48932371626646,9.29970296574197,7.538381070819833,8.467277546500583,9.19334197861645,-7.290413569804736,-8.908713128775673,5.431929743574967,9.44549497660687,9.982105101165878,10.06970490227768,10.121985071456205,9.99021100969318,9.749450606516891,9.560229133305942,8.913449898546597,8.135244789205313,5.5034118640640575,8.642772645916713,9.189424116931942,-8.307983385924464,7.498304371789504,10.063523958148743,-8.66315297682591,-8.631604152722469,-8.71490412697467,6.490505704923887,8.631429730713796,9.584544038624852,9.319703092439061,9.282780688324129,9.272349168618256,9.201694600001911,9.174062386947982,9.155610469636734,9.113590256187214,9.041671097845285,8.97415809812007,8.8820411017977,8.669508722013056,9.050738162692717,10.072190420170916,10.148145710785196,10.309502544614181,10.182857031308556,10.042419284939516,9.515726910493173,8.060241432167325,8.609942516869202,7.3313621782508145,6.590657567093068,8.909530809526721,7.729767057529413,8.358027979562257,9.385015840464654,-8.071602009452942,-8.643662293768399,-7.950278236794539,-8.298561893837242,-4.233778889056567,7.402251585402812,10.065681499188756,10.013378936020748,9.927853137953006,9.835838535486083
Ne,9.496392952204637,7.37486802955154,8.676127827803585,9.68413619850664,10.1650553420003,9.713262099963073,9.712990134345985,9.31953790547578,8.870154240371093,0.0,7.83819290654537,9.21002711442127,9.946983164954784,10.320546902260366,10.18075832346871,9.106512183662042,9.457249529858695,7.77927550217318,7.235222586352734,9.023464755358482,9.800003112977185,10.104558822490494,10.196316695879192,10.209633899470404,10.087730486604817,10.060574011747143,9.846507386939987,9.784388891091607,9.495914799349448,9.250177283229572,9.920011861303871,9.80090923218187,9.104332049262311,9.3819318051798,9.73783609962439,8.63962723497893,-5.637495133223985,8.90163592177182,9.89174026135487,10.266434392675265,10.333058859336703,10.373475466482383,10.272540351258513,10.096591828699134,9.966672449026696,9.585114803902236,9.261799863710202,8.903943739885403,9.455981330360448,9.735568916082887,8.026582771530483,9.096092388541825,10.328312690614194,7.1941640643024245,7.320741041740074,6.931801127959693,8.958572060264588,9.450967378065386,9.982932113563773,9.81307299203656,9.790691958788518,9.784427827623459,9.742690285639625,9.726696689618327,9.716120495412081,9.69234709409167,9.652668353317157,9.616588228871016,9.569192668412786,9.467925282289352,9.657600148346246,10.334969454228668,10.393877933546936,10.522231167406256,10.421128741438709,10.312157241027478,9.937254644928657,9.238095858873681,9.441559632673183,9.064492012086193,8.967465490463379,9.583114627564619,9.1474495409427,9.339587742213425,9.853455322956522,8.27261121355581,7.27467962677918,8.361956670998223,8.038930882434462,8.86055743718423,9.077387111074357,10.32996843652629,10.290059134667649,10.22588533421248,10.158406760990719
Na,9.285170057363018,-6.847189780427678,8.109732497433626,9.512381736322098,10.062398938048302,9.546872300133522,9.5465510917538,9.061748474143725,8.429838467480602,-7.83819290654537,0.0,8.91761216566202,9.817629490692687,10.233339094544634,10.079784901619254,8.77634968975775,9.236593682858643,-4.984100045011023,-7.046787137225451,8.658840403685367,9.648540922485216,9.99513738851055,10.096982171591732,10.111679993393775,9.97634475814267,9.94593944306865,9.702450210038673,9.630351566798211,9.284579415649208,8.971040995757562,9.786875823924436,9.64959677895196,8.773315404460348,9.141773296386946,9.575831170031039,8.044499310565362,-7.942851515810332,8.478320196178542,9.754512605481638,10.174146938066148,10.246983439310865,10.290954274505584,10.180841249164295,9.986245044436039,9.840007508444126,9.39366258867384,8.986377333621682,8.481835880172941,9.235012124496892,9.573164733884155,6.2665354477120285,8.76182486463127,10.241809735389886,-7.094229875004002,-6.932718020157091,-7.3213711162008925,8.564006323150457,9.228754410213009,9.858442701503764,9.663733627686968,9.637700446041654,9.630396969335225,9.581536611459113,9.562719821204418,9.550247288255488,9.522123768619489,9.474905477057808,9.431652426065696,9.374348135130013,9.249887766645756,9.480794001648155,10.249065596082369,10.313092506336703,10.451529795642713,10.342602636240327,10.224181428102728,9.806550066235454,8.955038924656325,9.216991849976143,8.717393140878698,8.577165186517961,9.391239849562643,8.832857047386218,9.087613350327645,9.71047040654388,7.230234301246921,-6.996978600235132,7.465317744873505,6.336267192578066,8.414894033436815,8.735596997717153,10.243614754550002,10.200026408116095,10.129589003707617,10.055028920030557
Mg,8.106441095986472,-9.036285297486923,-8.327620120312563,8.710277032038356,9.679307963439769,8.785629198235231,8.784941385606318,7.054413927926221,-7.966062590031036,-9.21002711442127,-8.91761216566202,0.0,9.29589772156008,9.921031923336225,9.704707944576782,-6.891693371845986,7.93907336822348,-8.936866965271271,-9.06072960139868,-7.439798877798921,8.991927258415878,9.579028786162992,9.72963450528276,9.750788091381407,9.550398277269675,9.503462173916104,9.093399984039497,8.956548334836272,8.104520091304545,6.017475701053828,9.24352017266455,8.993959071340464,-6.911442947190611,7.5369285528223955,8.846635419309814,-8.377159576286223,-9.23762732262056,-7.88378108057951,9.18712921237801,9.839232768205703,9.939631669727861,9.998962682340771,9.84857780251818,9.5655164239121,9.33331945173434,8.423046758449637,6.27696835166776,-7.877378280126542,7.933272315356894,8.841091170943427,-8.84456753976384,-6.982397673284579,9.932589623199013,-9.067189181073282,-9.046236901073343,-9.1020305742952,-7.706892631372472,7.910075768499847,9.363734365409657,9.021015923932868,8.970914603381503,8.956638078196576,8.858429143317727,8.819256214260848,8.792840971180407,8.73187525150291,8.624682200297775,8.520363742535999,8.371238732605482,7.986895450243216,8.638408360634406,9.942461967177415,10.028497896042099,10.208616968347254,10.067535954343589,9.908496173484318,9.277155254177275,5.654509811403755,7.865362454216385,-7.2115695179169075,-7.675183412094735,8.416642833709375,-6.4091982628075055,7.232587688673637,9.10809803755146,-8.713205113817784,-9.054221934725057,-8.65117219428411,-8.83906915725517,-7.989375926337187,-7.125127189983132,9.935048085813749,9.875224242741497,9.776381623498848,9.668478851588594
Al,-8.933068428416691,-9.867588136721919,-9.617723747610178,-8.482460512072363,8.535267200254875,-8.379000422409211,-8.38003245475443,-9.183614567400713,-9.530518412853406,-9.946983164954784,-9.817629490692687,-9.29589772156008,0.0,9.155012246680316,8.612933721624787,-9.382300662071188,-8.998319730432682,-9.825502550415631,-9.87830670252304,-9.441026535353977,-7.9572848690857105,8.1792296801124,8.685444135643523,8.744410500800683,8.057709758307361,7.829558935025608,-7.599831141586569,-8.050610577181846,-8.933907751931514,-9.257576738988801,-6.322343362271,-7.951548950818052,-9.383952159346967,-9.106997970485585,-8.2797675880187,-9.63160568875925,-9.960286834472466,-9.513856434498884,-7.0243659692631315,8.969933729968837,9.194603679742634,9.315725886610656,8.992077180524443,8.123276049185032,6.031514429493266,-8.755182116957727,-9.245904682935302,-9.512602797984345,-9.000323223177253,-8.289467522569527,-9.788573113629988,-9.390137387429494,9.17971077377061,-9.881163910636346,-9.871934277062106,-9.896751711804022,-9.481577453173662,-9.008181334790153,6.640665316384754,-7.870588455497648,-8.014151641740995,-8.050388494953008,-8.258633517815426,-8.32627671430569,-8.368071517267424,-8.454658320961348,-8.580514823721252,-8.679033499580033,-8.790764426244428,-8.98119026728028,-8.56596457429474,9.20055639493559,9.373391028578164,9.69546481234196,9.4472437464429,9.127843694784731,-5.314530625902684,-9.269426729868833,-9.02265483390738,-9.413054307984618,-9.476268414453292,-8.759753799912858,-9.350071970865965,-9.160140409877188,-7.5316235942907,-9.739494119956218,-9.875439007838377,-9.717705377905657,-9.786433224456422,-9.535441077110503,-9.403853308751438,9.184923752947968,9.05373415193201,8.812927853620222,8.500868485642945
Si,-9.743273435398242,-10.266583975670974,-10.106001564875912,-9.567319547497295,-8.382873274502261,-9.533538985600613,-9.533864400204461,-9.862510593944702,-10.053392357344306,-10.320546902260366,-10.233339094544634,-9.921031923336225,-9.155012246680316,0.0,-8.284095065935176,-9.968200274575695,-9.772821948002647,-10.238541255308034,-10.27378872941721,-10.00131194824789,-9.418739792352548,-8.682133436900564,-8.173737834462354,-8.066907576569914,-8.749049726571297,-8.846341941862468,-9.346495932033307,-9.44117048237384,-9.74364682568248,-9.900705738149753,-9.212101249359703,-9.417411630377435,-9.96911984260445,-9.824386150567312,-9.503310018361514,-10.114543486349737,-10.329722468263267,-10.04354883717932,-9.2671392010776,-7.377548089482137,5.948197340734554,7.408893599521323,-7.260951583331218,-8.714518252173463,-9.110119505367225,-9.668032204913219,-9.894587367124892,-10.04281050432969,-9.77374592297187,-9.5061691019555,-10.214258301391482,-9.97256843238155,5.470586005352653,-10.275711761345937,-10.2694996783508,-10.28624611081897,-10.024669387335159,-9.777379749885755,-9.070749602663144,-9.399290227983284,-9.43221804828535,-9.441115202748115,-9.497138903233424,-9.51721835736139,-9.530107035739556,-9.558010022573274,-9.601543623838207,-9.63816077024561,-9.682466637538592,-9.764962846983266,-9.59632663495593,6.090965816240044,7.74506987113891,8.822170919910098,8.07477194882884,-5.53970910909538,-9.176164861498577,-9.906950272380591,-9.784112421941124,-9.985434473106507,-10.02158853732162,-9.669869692393405,-9.950386487979962,-9.850673922182926,-9.334933598013665,-10.182470692706472,-10.271858876937232,-10.168534335738498,-10.212863129903806,-10.056309631352825,-9.980254124145898,5.663667397924524,-6.816092820461486,-7.9165316702665365,-8.421497845308103
P,-9.478827986086525,-10.118442085626725,-9.929650577268351,-9.242873569415057,-6.021431020939321,-9.195837504790548,-9.196293615790946,-9.631524334755651,-9.866569059884835,-10.18075832346871,-10.079784901619254,-9.704707944576782,-8.612933721624787,8.284095065935176,0.0,-9.762941368463414,-9.517151608773814,-10.08584785757113,-10.126792485071011,-9.803446370103005,-9.0309350978424,-7.569016461131154,6.027741251685182,6.651739624409922,-7.760174933216242,-8.002876019953025,-8.922554569284394,-9.063819028012272,-9.479314377246398,-9.679409927050528,-8.709175497728804,-9.028977113529516,-9.7640703353283,-9.58325097660226,-9.153202854728942,-9.939831505461324,-10.191303271066394,-9.854691867400597,-8.798613791629148,7.767143967910167,8.376190431882748,8.63230093453035,7.839037827354448,-7.664500101742904,-8.534442892745455,-9.379647583865419,-9.671770279530744,-9.853799610883138,-9.518344602052393,-9.157258094812383,-10.057501722332951,-9.768302116765845,8.342118480626247,-10.129019693731555,-10.121822579573053,-10.141208332957278,-9.831842444751945,-9.523033347912305,-8.463323967779576,-9.00213771573109,-9.050735702368184,-9.063738406256633,-9.144433315076988,-9.172884783167135,-9.19102354212157,-9.229972937839179,-9.289910155490258,-9.339588665028556,-9.398860926621454,-9.506991273363695,-9.282778737502786,8.389649166840561,8.743467702720126,9.281954491062141,8.877907643209628,8.217915768933185,-8.649036221844872,-9.68719517854576,-9.53170746622801,-9.784061055681102,-9.828105155637191,-9.382098536837836,-9.74102406235422,-9.616588928414915,-8.90483329122837,-10.020217921366214,-10.124556994928517,-10.003806354690251,-10.055869581787046,-9.870084531399664,-9.777721788389565,8.354103676799081,8.022555628595706,7.105891849316739,-6.370572023489401
S,8.366096530433754,-8.911858835018334,-8.056266612944393,8.860497582851316,9.738995994977634,8.925674118070555,8.9250762162333,7.669039975862289,-7.548778818525638,-9.106512183662042,-8.77634968975775,6.891693371845986,9.382300662071188,9.968200274575695,9.762941368463414,0.0,8.239547709113795,-8.798493835892096,-8.939497605559504,-6.578363545093319,9.107310421655349,9.644809870363119,9.786474644613842,9.8064709976348,9.618026735645483,9.574228136923477,9.198211984019386,9.075848259323152,8.364615151840937,7.239636428275092,9.334364362334137,9.109121017417653,-3.02760411209793,7.958271034800172,8.9789162442866,-8.120760764753419,-9.137076976024082,-7.421083040014202,9.282997230938864,9.890320608403117,9.985950630648444,10.042670875228161,9.899202275786855,9.632163225021062,9.416677403669222,8.618635621858688,7.323315877448387,-7.410893257378299,8.235255458033977,8.974058208056558,-8.691744128294602,-4.548091393756827,9.97922820330885,-8.946788299965762,-8.92312216212687,-8.98599975047082,-7.1233302522884,8.218157117432417,9.444693593929701,9.133269910447558,9.088609181672252,9.075927910687565,8.989256193211794,8.954970428359513,8.931946399643056,8.879111093269627,8.787290480207743,8.699338784496595,8.576226277611669,8.27517643549037,8.798968651620582,9.988652994383397,10.070960659473963,10.244203559444323,10.108405757854225,9.956245553400233,9.365121307571945,7.145687179434528,8.185490190669071,-5.918813830452584,-7.065759954051905,8.613369223795193,5.933943040568302,7.769313410749221,9.211457130947867,-8.536928909671397,-8.932146870324832,-8.462482529465925,-8.685334867912017,-7.583964127834577,-5.559656066536398,9.981574966283869,9.92454985767142,9.830695009438577,9.728797550189274
Cl,6.238348753179602,-9.32422841187253,-8.845103397395489,8.08983888611824,9.4864308954379,8.225724240205167,8.224519909047778,-7.407197374696918,-8.645630487318797,-9.457249529858695,-9.236593682858643,-7.93907336822348,8.998319730432682,9.772821948002647,9.517151608773814,-8.239547709113795,0.0,-9.250626477826223,-9.342612673292903,-8.413201761198488,8.562964102751845,9.36345708784814,9.5471445170557,9.572479862027466,9.327814839539476,9.268826272153502,8.714833797410868,8.508106232847162,6.225797904349834,-7.781234269498755,8.927128767639182,8.566079511242037,-8.24471803466502,-6.8348656705265345,8.33018921336799,-8.874924331316862,-9.47886919742672,-8.604774961657217,8.848910635955662,9.677311940180653,9.794361334400579,9.862658728595608,9.688290538554886,9.3466666155052,9.048391551048033,7.465642582864652,-7.729118233919408,-8.601666595274827,-2.8484589380392062,8.320877038372181,-9.184034675006547,-8.263917286829237,9.786213231532976,-9.347489938050614,-9.331700259584196,-9.373925483487634,-8.522654225676195,-4.396757113560932,9.088633926446578,8.607293357498566,8.530511438194335,8.508246755788141,8.34987812823134,8.283865970743843,8.238314532729351,8.129640238454808,7.924301320700019,7.701705521006531,7.324613138981867,4.929766342147245,7.9517630411936375,9.797633431633894,9.896434898604177,10.099557964916789,9.940863611503213,9.75826889352681,8.972997221354085,-7.832090824526251,-5.299889343402726,-8.332978651122188,-8.50875531900383,7.448879739983843,-8.134812322214316,-7.259799062410677,8.736223833361091,-9.092285921840574,-9.3377082704554,-9.050243656310567,-9.180122119061856,-8.657515860159892,-8.305626271726245,9.789059194342821,9.719497819035649,9.602993578496461,9.473282861172237
Ar,9.298541909881276,-6.679800156440696,8.152418203195163,9.523050227516215,10.068567898683838,9.557180960098323,9.556863046461594,9.07844013856039,8.461011393227476,-7.77927550217318,4.984100045011023,8.936866965271271,9.825502550415631,10.238541255308034,10.08584785757113,8.798493835892096,9.250626477826223,0.0,-6.911835414521853,8.683711679542922,9.65785927985938,10.00173414306704,10.102942060118645,10.117553179997987,9.983066235625731,9.952867657196633,9.71128007074592,9.63983843811405,9.29795911585724,8.989303123942088,9.79499377529229,9.658903729667623,8.795526102468273,9.157191105356127,9.585847052520887,8.089997863986543,-7.8899464133815345,8.50803866963564,9.762896275612333,10.179665448148334,10.252115282623977,10.29586589674601,10.186323040733388,9.992900525548363,9.847707010384658,9.40566783986957,9.004364008909526,8.51145752945941,9.249066975348525,9.583207224890538,6.509844152349858,8.78428869867818,10.24696797997498,-6.9659344688145985,-6.780154147803549,-7.220523035669489,8.591318348961593,9.242896867115682,9.866002092231296,9.672910530697806,9.647118253689602,9.639883485091824,9.591495794433676,9.572867221674754,9.560521393074517,9.532689376108253,9.485979122095921,9.443212730828133,9.3865860880906,9.263736520284645,9.491802987432242,10.254186792495352,10.317896846619906,10.455714318089607,10.347267596661405,10.22943132191325,9.81451049174097,8.973592338724476,9.231300449088238,8.740865824528626,8.604124017461228,9.403274047088745,8.853796655601906,9.103881872971918,9.719230108826464,7.33015536774296,-6.854620891972331,7.545116222985805,6.5649221542437095,8.44652801442298,8.758651025929623,10.248763870069793,10.205404312657011,10.135358243745646,10.061243372468903
K,9.386408004717895,5.34199302011033,8.406232408977477,9.593856553649731,10.110211538541684,9.625690919580157,9.625394059986817,9.186804480068364,8.653460539384293,-7.235222586352734,7.046787137225451,9.06072960139868,9.87830670252304,10.27378872941721,10.126792485071011,8.939497605559504,9.342612673292903,6.911835414521853,0.0,8.840584783665273,9.720007146325898,10.046193021819523,10.14320650408542,10.157245030134955,10.028344178513683,9.999501631548938,9.770288264332237,9.703081159503252,9.38587424636707,9.10719662691492,9.84939003712385,9.72098869255895,8.936919332166386,9.257747627602557,9.652484057880418,8.358140751625903,-7.418910971788538,8.692410387116752,9.81901727488547,10.217011017659162,10.286895707681264,10.329181985922087,10.22342534503685,10.037745161979588,9.899381041007436,9.484952033808517,9.120589189305669,8.695249488348201,9.341190320933146,9.650010042830628,7.423455015209039,8.927170038588882,10.281924780455864,-4.04011917400213,4.827287784415951,-5.897470889090633,8.762146922845368,9.335564757949973,9.916762712775524,9.7341578535171,9.70991660901505,9.703123699503774,9.657769612751919,9.640346074828809,9.62881050762005,9.602839742696839,9.559363773338479,9.519684258407008,9.467337632057491,9.354577439430829,9.56477667451891,10.28889647887706,10.350498681701591,10.484178049277226,10.378940601328214,10.264995696340046,9.867882969103212,9.093243437287013,9.32499569054017,8.889638514170871,8.772950127366492,9.482740904122137,8.987697469419336,9.20966128815579,9.777784749262095,7.835463164456368,4.040174948612444,7.970607082895207,7.445911196988531,8.64152501506559,8.904984004213489,10.283659040512775,10.24181798191607,10.174363115626175,10.103186820291594
Ca,8.520618387565692,-8.81002807578758,-7.797768773940556,8.957551873073614,9.78046253282781,9.016875176398166,9.016329405401649,7.958352200954048,-7.073328910497199,-9.023464755358482,-8.658840403685367,7.439798877798921,9.441026535353977,10.00131194824789,9.803446370103005,6.578363545093319,8.413201761198488,-8.683711679542922,-8.840584783665273,0.0,9.183927805820176,9.690280044139547,9.826055957659955,9.845283700128263,9.664702829942492,9.622943906513338,9.268399922751291,9.154820276810348,8.51934924035491,7.655366307422391,9.395886946748893,9.185604971531014,6.550671278301595,8.182407700826461,9.065588220172561,-7.880519647025274,-9.056632824721614,-6.859069201100132,9.34766250464725,9.926066695117067,10.018489120855616,10.07344245635958,9.93463781774659,9.678198976009059,9.473474065361314,8.740682084586625,7.711363140989741,-6.841125608696983,8.409589403472204,9.061137031638655,-8.563157723231377,6.4392146353523465,10.011983241044202,-8.848627670160926,-8.822489248687749,-8.891803168882582,-6.2580903794257114,8.395250547722606,9.499963677489038,9.207995481099795,9.166617901066656,9.154893880133253,9.07507311424144,9.043651720684252,9.022602291738593,8.974458226580325,8.891345381805294,8.812438099896077,8.703235232608385,8.443229008704416,8.90187552141828,10.02110508199275,10.100886631481863,10.269428797447606,10.137247576360657,9.989748846109004,9.424839009472484,7.594376939752781,8.36796515025722,5.853325919619423,-6.115473923151776,8.736022915680124,6.999424031862262,8.034373919747976,9.280752816598783,-8.385100250439258,-8.832466539172211,-8.297900925997334,-8.555867675291488,-7.129335708811243,6.132533021123597,10.014253839627331,9.95911363275629,9.86859618920454,9.770680367080097
Sc,-8.460236861569483,-9.707438565328214,-9.407016282139773,-7.5878226497411605,8.980486711652295,-7.312784804687405,-7.315779265191757,-8.836515567167071,-9.29820678329312,-9.800003112977185,-9.648540922485216,-8.991927258415878,7.9572848690857105,9.418739792352548,9.0309350978424,-9.107310421655349,-8.562964102751845,-9.65785927985938,-9.720007146325898,-9.183927805820176,0.0,8.76739722836883,9.07926021967798,9.119410792798494,8.701739424868371,8.588420704577754,6.7562915979705505,-5.63613646019494,-8.461583240805208,-8.939632175616923,7.740851662196223,2.854346376594323,-9.109484079504483,-8.726298538705626,-6.992048294211778,-9.424126536221758,-9.815397028422689,-9.27713875054444,7.457981960402408,9.279716019250769,9.44929207285874,9.54443092090213,9.296011360965071,8.736711689115126,8.093056864648918,-8.15713087652381,-8.923556293150824,-9.275552575996185,-8.566058836280892,-7.026764565792753,-9.614037728200785,-9.117611880727454,9.437769372414301,-9.723352464660158,-9.71253605795849,-9.741581888895391,-9.23606198590997,-8.578163401390016,8.194486113669042,5.473222684742499,-5.124875464021322,-5.633779368306343,-6.913257260997214,-7.151256043305235,-7.280709766425928,-7.518386976110977,-7.812596733296386,-8.014023267300479,-8.220927143774725,-8.536365116399512,-7.780969072661741,9.453909439001782,9.590574528198273,9.857395367339448,9.650431920582703,9.397938860381526,7.883848480802107,-8.95587790834869,-8.600330165482369,-9.14760560081735,-9.22927052061601,-8.16543053313795,-9.064657532702695,-8.803140717821554,6.898890327427956,-9.555320456631403,-9.716645154849605,-9.529067185758691,-9.611494876842093,-9.304410507283539,-9.13558650447284,9.441796780095052,9.341869743106457,9.167002140830322,8.958584652144197
Ti,-9.318621856246905,-10.037138535403162,-9.830590549591388,-9.035325799463514,7.33047302780354,-8.977119202735004,-8.977686792413005,-9.4956254504263,-9.760705487238827,-10.104558822490494,-9.99513738851055,-9.579028786162992,-8.1792296801124,8.682133436900564,7.569016461131154,-9.644809870363119,-9.36345708784814,-10.00173414306704,-10.046193021819523,-9.690280044139547,-8.76739722836883,0.0,7.762611999765313,7.904845204984005,-6.013912797969069,-6.959692507543304,-8.623890664508316,-8.809988017342954,-9.319192735109826,-9.550294240086778,-8.324091258466265,-8.764848106691911,-9.646080310853048,-9.440126719845786,-8.92377871214646,-9.84182570969592,-10.115933964962993,-9.74749094133428,-8.452928464659793,8.365893562059762,8.744923779289842,8.92880720785573,8.40604589280306,-5.273288072999131,-8.055399824277726,-9.201158921825385,-9.541597091846569,-9.74649989722289,-9.36484814079878,-8.928877037352228,-9.970863272975327,-9.650840790955806,8.721478584809404,-10.048606944415575,-10.040804827015096,-10.061809486742266,-9.722025017824494,-9.37031179958683,-7.937915542509012,-8.729751402581257,-8.793092115394511,-8.809884098400762,-8.912735195048572,-8.94847446513272,-8.971124785457155,-9.01942578319332,-9.092904711004515,-9.153081657621362,-9.224084464023752,-9.351598723962697,-9.084213656093317,8.754240801356858,9.012600541982856,9.447674073204473,9.116914638380086,8.63817802698566,-8.234398454368705,-9.559147731897472,-9.380410785145468,-9.668546602636704,-9.717853019434276,-9.204088113051746,-9.620110101571047,-9.47849723691308,-8.59992696072977,-9.93013229963347,-10.043768023889166,-9.912159625965062,-9.969081795602117,-9.76461276617565,-9.661426083804724,8.729705494178491,8.51424422965284,8.05688238141109,7.210728584109913
