element,0,1,2,3,4,5,6,7,8,9,10,11,12,13,14,15,16,17,18,19,20,21,22,23,24,25,26,27,28,29,30,31,32,33,34,35,36,37,38,39,40,41,42,43,44,45,46,47,48,49,50,51,52,53,54,55,56,57,58,59,60,61,62,63,64,65,66,67,68,69,70,71,72,73,74,75,76,77,78,79,80,81,82,83,84,85,86,87,88,89,90,91,92,93,94
H,0.0,-9.49839637589311,-8.242790700772376,8.331487310392887,8.203667762929854,8.094510077868499,7.701959088168505,-7.380730150631951,-8.895893817624389,-9.492579189850472,-8.770990535241735,-7.277064403622504,-8.968823162468999,-6.841305864347119,7.926261450080081,6.210337956919951,-8.910063337076288,-9.448750865919413,-8.969997634674144,-8.315416992870947,6.776253638958059,8.772691455659883,9.10574304545405,9.028924969730014,8.925510569892829,9.126384078073007,8.468306603456046,7.489521823044248,-6.878499321797627,-7.916545593873619,-8.65969957512808,-7.007162362577059,7.158748622693133,-3.699928186086982,-8.870075624830411,-9.388451836374905,-9.003722898419591,-8.558139171081178,-5.821032389702081,8.863419147234099,9.485799173883088,9.475912450187266,9.654034729962447,9.248099809641774,8.369620556773748,-7.5238999279807075,-8.505533530888124,-8.317147519427845,-8.763299771443407,-7.7135734960743765,5.53582356981135,-5.720873449845899,-8.79068229651355,-9.276239384148681,-8.947751415945284,-8.560247912700856,-6.129851757061524,6.523245895148965,4.712015710374038,-6.901642881066932,-7.7225616863835125,-8.081444077773178,-8.182065865986434,-8.426735162269134,-8.68174833855105,-8.808712072075572,-8.838763770283755,-8.817072361967295,-8.664393458189164,-8.19254438469366,-7.942560180147636,8.50984510079389,9.811694038682845,9.941801184661008,9.974811671320145,9.753876258462146,9.253924922270453,7.853706622216308,-8.266339128666909,-9.190637926506687,-8.789271831953755,-7.9318489069339,-5.636084007837672,4.62544578363517,-8.637674808917286,-9.210279291851315,-8.86080756321857,-8.651768621685866,-7.412618264901934,8.867178421395357,8.897781215197842,8.379302911832749,8.642593729886949,8.349293108220882,6.588297899182527
He,9.49839637589311,0.0,9.163161991978042,9.769379355519796,9.740477282791106,9.717986074809904,9.651815821633793,9.370293535205198,8.705747599210358,4.361394389526958,8.838518021711923,9.383670443562387,8.609766382889887,9.425742850783955,9.686970505964497,9.534970625754822,8.68831727310316,6.4723743365201925,8.608082435432152,9.132695831927446,9.561989600529987,9.893075729133864,10.014321686580377,9.984062828328199,9.945528469341014,10.022693335134175,9.803589995376855,9.624193485186137,9.422880107323735,9.268329877135868,8.932412898504003,9.412040068731722,9.590325102139717,9.495434835411164,8.736087881324227,7.236866968770857,8.557569641188216,9.003358341043949,9.472858630034732,9.923580917752686,10.185227071697614,10.18032686964998,10.272353079949749,10.074163822551398,9.77853343005794,9.34901871554143,9.03566315710334,9.13193042655863,8.845653660001847,9.314771897914945,9.5171585255868,9.47532812191787,8.819755021244067,7.88537891595732,8.639187725624906,9.002004787301948,9.463427339219411,9.548105005780217,9.506630043597854,9.421040051196789,9.312949554803941,9.220827362577545,9.186363817127495,9.079292430665982,8.9152949529904,8.801924738912216,8.770727638125209,8.793436311594867,8.928824637169788,9.182497940506513,9.26148626111065,9.814695439421117,10.360380309467057,10.437593877405744,10.457829577694767,10.327387421769666,10.076718015040324,9.674810586733011,9.153626263761245,8.170302828927923,8.82112304836753,9.264331345331717,9.477229678336409,9.505943762704018,8.948861205923446,8.11370563855507,8.74658085109158,8.938408928581051,9.365853024418294,9.924884771985319,9.935618088809983,9.780940946513033,9.852474946621596,9.773635843084383,9.55136402904135
Li,8.242790700772376,-9.163161991978042,0.0,8.981143966564781,8.91643361179142,8.864400680692698,8.70148104547278,7.694561114787446,-8.161282428997364,-9.155020358952735,-7.880585964775054,7.764039496402885,-8.307846956408005,7.960470398480315,8.789993030784208,8.365672588127328,-8.19063159118978,-9.093038884523871,-8.310034230803543,-5.660380381851769,8.450178882820257,9.235486984797918,9.457669231103118,9.404262616759569,9.33435864280436,9.472231079154973,9.05492281619803,8.628435176745542,7.947948498596824,6.9649376770309654,-7.5840983282507315,7.8997526995119465,8.533938781725261,8.232356681468048,-8.10672233623035,-9.005829235051227,-8.374287033603213,-7.251237495709084,8.150124910635048,9.293554201360088,9.739230583899273,9.73156567884929,9.872186305114994,9.559865947989652,9.001238978932541,7.57525435884975,-7.041332810778869,-5.684724483987029,-7.861746256680774,7.354108461232851,8.307150199572051,8.159363009518712,-7.927895785351982,-8.836672912680468,-8.266536948854636,-7.259006691691205,8.114253355756633,8.40735924416061,8.271396478393932,7.939951706018605,7.341089833480905,6.34076596315781,5.415634734515252,-6.64435344653315,-7.647410217468136,-7.970106220510634,-8.038295931189133,-7.989339503324484,-7.597797477908123,5.232313652691519,6.894238558432899,9.078239471897723,10.000841149778765,10.109699443762292,10.137678480433216,9.953228819903766,9.564134115173722,8.760044366462957,-4.516876270907397,-8.700476490607242,-7.9245502032785184,6.924178205707052,8.166434052160747,8.269033648833116,-7.518102059607283,-8.732346107993047,-8.086730989377562,-7.5606667973396675,7.6706040751408935,9.296001082883818,9.316037852826977,9.006399107019972,9.155582693386505,8.990481978209493,8.417310875109948
Be,-8.331487310392887,-9.769379355519796,-8.981143966564781,0.0,-6.213127510146016,-6.776687052487524,-7.570912498138617,-8.658058930715054,-9.346041498394898,-9.764943042655883,-9.268245245325915,-8.630225131035672,-9.393156997687782,-8.534502302099643,-7.233118857989285,-8.204048051516148,-9.355108834249133,-9.731767692218229,-9.393925387593647,-9.016510091912073,-8.094625787070063,7.742373770709848,8.487781741657388,8.34028873106924,8.122618663513453,8.525781334014201,6.413223830693749,-7.7682765500254,-8.541448011996952,-8.838387946932404,-9.202045260227385,-8.567145366269187,-7.961470426301612,-8.340941107067692,-9.329669614672923,-9.686647461907073,-9.416125723147792,-9.144261320712035,-8.409364869431496,7.97831832307346,9.107172876233683,9.092702488987419,9.344254950125647,8.737649162669907,5.09012073485645,-8.700075131388006,-9.115329350764002,-9.017368966116054,-9.263574686585281,-8.76250781693498,-8.268724800365694,-8.402177384394554,-9.280267745738723,-9.604594449921587,-9.37942220035091,-9.145435402415018,-8.436190833830162,-8.152717874988346,-8.304572366000475,-8.545876520176632,-8.765665400539502,-8.907365433192965,-8.952664503626869,-9.073350488579425,-9.214923017450172,-9.291356512565399,-9.310009279612801,-9.296572858321667,-9.20477682862898,-8.957445305378872,-8.84881729480914,6.69926009723057,9.553524405563573,9.7189366303594,9.760021009088222,9.478018398549981,8.747335279690246,-7.364120482258783,-8.992466303216677,-9.543700137054492,-9.279403564260539,-8.844503762861276,-8.396595853830844,-8.306852585119865,-9.189299696562928,-9.557539025255684,-9.323826329247126,-9.197442087469986,-8.667050825046136,7.987403290675983,8.059635078820456,5.31999076745307,7.32410959987458,4.3254982588833295,-8.139453841029548
B,-8.203667762929854,-9.740477282791106,-8.91643361179142,6.213127510146016,0.0,-5.937266121520211,-7.274237099035572,-8.567523183830025,-9.301563636738868,-9.735913690323002,-9.220080968114038,-8.53700825673567,-9.350770125350168,-8.431425866452225,-6.787025925973445,-8.057601319185212,-9.311041387692955,-9.701715879466496,-9.351571726707558,-8.954120406131818,-7.929787096945105,7.938158205935385,8.585513728007921,8.452667321303704,8.26051712167158,8.61999985373225,7.010417744022381,-7.531623633232678,-8.439122846025235,-8.76336716573312,-9.150498187574765,-8.46754991862421,-7.770656648198948,-8.214403585044474,-9.284495261658888,-9.655212969058883,-9.374721518116738,-9.089562408572544,-8.29170897910864,8.136015084984804,9.160942019945265,9.147234372685393,9.38691303804775,8.81455101974858,6.4932540821282645,-8.613430809422717,-9.058978867785083,-8.955034557253073,-9.215179306162577,-8.681326559680354,-8.132034550505175,-8.283620831906765,-9.232692951619983,-9.570425452265399,-9.336436329429032,-9.090802606065411,-8.321834813604083,-7.997846445362205,-8.173025984659265,-8.444027336457394,-8.684750625572223,-8.837423904133262,-8.885933849934592,-9.014434015605808,-9.164052611611304,-9.244318910498755,-9.263861299041382,-9.249734873178975,-9.153374038931558,-8.891130972770624,-8.774604390908655,7.177832642470097,9.588265769018953,9.748458847419396,9.788371585606178,9.515434152710126,8.823523432978883,-6.984777722517043,-8.92850877347454,-9.507346329750273,-9.231786524339654,-8.769957836350427,-8.277334113704512,-8.175626607687443,-9.137073776292258,-9.521693894092223,-9.278326200523747,-9.145650933371282,-8.577362941623441,8.14378000324708,8.205872452930674,6.554848490505899,7.60821732451719,6.352390439129083,-7.982343035747888
C,-8.094510077868499,-9.717986074809904,-8.864400680692698,6.776687052487524,5.937266121520211,0.0,-6.970497671599361,-8.492939926929163,-9.26645417336088,-9.713318359607308,-9.181939272591224,-8.460022767676865,-9.317380072483598,-8.34548890983484,-6.231221439486366,-7.930048298910274,-9.276274304898054,-9.678349497340925,-9.318208926228769,-8.904062350304368,-7.783496140462663,8.064665591350815,8.653722109347358,8.530199677224074,8.353730685876386,8.685970673657593,7.303852987142493,-7.305346160288129,-8.353873682984169,-8.702462476652416,-9.10955095609704,-8.38479172857786,-7.596959416482274,-8.106477047781231,-9.248719420963987,-9.630695143459864,-9.342134736384644,-9.045985727228063,-8.192224712312006,8.240959826903538,9.199877527783327,9.186696766023609,9.418094872466126,8.869097137140084,6.945597524435945,-8.542316023293376,-9.014017789910397,-8.905023395319951,-9.176846617951707,-8.615038125673605,-8.014274445995444,-8.183286388788598,-9.195038392459084,-9.543708924225037,-9.302555990602192,-9.047280972067943,-8.225449881141271,-7.861976194188187,-8.060273269641584,-8.359213448086638,-8.618696529900888,-8.7810938522295,-8.832246955980045,-8.96745429563797,-9.123667889416133,-9.207107750272018,-9.227383583097147,-9.21277893749713,-9.112546836165036,-8.837729948002307,-8.714401169963809,7.431278060453186,9.613832808637737,9.77028238535287,9.809350133265882,9.542906466744085,8.877668206869156,-6.554173746691441,-8.877118140903265,-9.47886525521214,-9.194097291335533,-8.709465663962296,-8.176334225596293,-8.063183572028196,-9.095561578776708,-9.493624300101546,-9.24238188133337,-9.10450057227581,-8.50353723676506,8.247953650387057,8.304072535490278,6.985216442424059,7.780127977667242,6.858313665811182,-7.844196704787197
N,-7.701959088168505,-9.651815821633793,-8.70148104547278,7.570912498138617,7.274237099035572,6.970497671599361,0.0,-8.24707325484727,-9.160462470247886,-9.646828101794032,-9.066034758603166,-8.204784937459461,-9.216950793391641,-8.054328529469222,6.32324087144392,-7.447640049450074,-9.171371764301345,-9.60938355596941,-9.217838249671788,-8.747997957809819,-7.198109433392187,8.353225050121047,8.823970679184095,8.720821057602862,8.57729894216669,8.851239066886366,7.843757341353501,-6.050870474643086,-8.065531103193141,-8.5079425284565,-8.98437803287193,-8.106573102268847,-6.833437861464791,-7.7196286825626,-9.1407220647689,-9.558265535898471,-9.24425724221968,-8.912023031727506,-7.843455622515267,8.488162210581715,9.301977421129704,9.290083632748548,9.500982716969098,9.008607862072033,7.650796668875237,-8.309788310374213,-8.875387565402725,-8.749121329699244,-9.060314488795848,-8.400705693283786,-7.580731480986653,-7.830763291566258,-9.080732012507221,-9.464429501627366,-9.200518290161742,-8.913503663111383,-7.890225809277228,-7.334912808316895,-7.650836131140408,-8.072649517022493,-8.40523675444495,-8.602559004963902,-8.663527021744875,-8.821620511927339,-9.000362407611565,-9.094252897621473,-9.11692379784265,-9.100543061462556,-8.987772719390735,-8.670014562998185,-8.52242659482195,7.9199799982037975,9.682480695601564,9.829273711769757,9.866144202456741,9.616416849831426,9.016003438838975,5.896012531439251,-8.716574960479818,-9.394042858264028,-9.079676886191958,-8.516442801870861,-7.820857754906984,-7.6552157644038425,-8.968508393526482,-9.410098009045228,-9.133659314265252,-8.97865229256361,-8.260604515306614,8.493628450360466,8.537788771399029,7.670565279773948,8.14796363419599,7.608629102289037,-7.304606975849438
O,7.380730150631951,-9.370293535205198,-7.694561114787446,8.658058930715054,8.567523183830025,8.492939926929163,8.24707325484727,0.0,-8.647875564608738,-9.363678457029398,-8.484836146196542,5.069067924822454,-8.740431476851825,6.507353463924207,8.383162623943003,7.6504688878726546,-8.666021608500746,-9.313667425034426,-8.741907033984008,-7.81707293695129,7.816231150632374,8.994580128803877,9.269611883696054,9.204789927173946,9.118793322054756,9.287160260931486,8.758601977743805,8.129457160169778,6.452984222956152,-7.037485023637054,-8.333761209301885,6.2170953000940585,7.9686874703020045,7.355843151614522,-8.614693521026815,-9.244338249028413,-8.784092716966459,-8.190137633693816,7.145544440889621,9.067897627367449,9.600699247937447,9.591890417931799,9.751984307064081,9.391709401117359,8.685713251110364,-5.513483665870232,-8.113210603176597,-7.819920104832979,-8.474581777253388,-6.453257105657997,7.526920868325229,7.170573289155847,-8.510964934108065,-9.113546065015262,-8.713881133896862,-8.193183196633788,7.044375130068282,7.733922435969041,7.447189932709428,6.416496676485853,-6.484599582245918,-7.396420076179957,-7.587043587330473,-7.994228423438121,-8.364177638416193,-8.534744973084122,-8.574083931362923,-8.545725650029008,-8.340257808073323,-7.605961849827868,-7.099032965140864,8.789836162264395,9.895940705582477,10.016142005892613,10.046823363114155,9.842920499611912,9.39675717666477,8.337832778641472,-7.734960212540934,-9.012028797698553,-8.509098553302383,-7.0739590649128194,7.189467083962624,7.44179411983822,-8.303118292084733,-9.035466285642002,-8.602712375707208,-8.322757357720468,-3.9701485704288455,9.070966573103002,9.095993431393362,8.692780956283453,8.891755508839344,8.670935751865796,7.753754140169382
F,8.895893817624389,-8.705747599210358,8.161282428997364,9.346041498394898,9.301563636738868,9.26645417336088,9.160462470247886,8.647875564608738,0.0,-8.692850522494421,6.7548990530980255,8.675234364663678,-6.316346679407459,8.758898886604486,9.217302293391157,8.961709342778931,-4.6570458845726845,-8.592578155366299,-6.332882499635837,8.076023557396105,9.009153805748838,9.52925436403098,9.699391310470416,9.65769536596252,9.603883294420045,9.71084417437011,9.39783618835494,9.114930456322043,8.753314334040422,8.425193033762035,7.337589783688575,8.73202901818322,9.057900924625716,8.890460454966767,5.231036939613441,-8.444360319829691,-6.724433996332304,7.64674865492479,8.848722930153292,9.572857455384163,9.926820949232685,9.920471250068042,10.03825210133554,9.780507160364662,9.360035836322231,8.603560208547295,7.766741072543881,8.073820105034697,6.810833494376282,8.529966966276627,8.929888648588442,8.853327465665686,6.5931695057788735,-8.125744074102291,-5.965570030702518,7.64148291518288,8.83104540002902,8.984893088551813,8.910866601940175,8.749716708148775,8.525968194124768,8.3111295851582,8.22324388814501,7.913975231026474,7.250254039949484,6.414294983548448,6.007199337702956,6.317755304231695,7.319782822520766,8.213083914325486,8.409218183796304,9.41443987150948,10.148262506112118,10.242882222084129,10.26741482933652,10.10731199186827,9.783931713227995,9.197869929031684,8.135090972343095,-7.825684629360663,6.605778171094194,8.415876603286824,8.856866420652565,8.909620898045675,7.41614009556962,-7.90048194695244,5.531947841956141,7.366792497507247,8.638711868086888,9.574711299541727,9.5899085029248,9.363643122411856,9.470303287686098,9.352534138013596,8.990609917999754
Ne,9.492579189850472,-4.361394389526958,9.155020358952735,9.764943042655883,9.735913690323002,9.713318359607308,9.646828101794032,9.363678457029398,8.692850522494421,0.0,8.82723428599714,9.377143756456016,8.595507946233683,9.419485981840559,9.682155453353005,9.52936294553847,8.675191910818768,6.345025342387965,8.593852723522497,9.124299372729741,9.55653179786889,9.88915926246227,10.010853180597413,9.980487589151032,9.94180652745285,10.019253818674496,9.799315198431072,9.619068534464427,9.416605172731234,9.261002313875087,8.922144974602887,9.405696540964545,9.585020204752482,9.489600331866363,8.723578633986687,7.179587464232244,8.542597152217102,8.993797012381402,9.466890509082514,9.919782341021913,10.182304246284879,10.17738967018229,10.269674394094094,10.070897097410466,9.77414305803519,9.342261123442018,9.026407173410568,9.123527530316435,8.834449884002375,9.307778049956141,9.511449799597205,9.469374766533237,8.80825559245009,7.855841423408451,8.625396855342123,8.992430455518516,9.457402495858988,9.542570685239944,9.500860682010222,9.414753518052178,9.305942903346365,9.213141919950152,9.178407870124312,9.070433351729287,8.904848812978342,8.790217208281835,8.758646859657429,8.781628459217586,8.91851961226033,9.174512853009764,9.25410821628845,9.810458970039681,10.357927695273935,10.435323706872802,10.455604947353645,10.324852414125507,10.073459657679418,9.669939207397624,9.145404515049826,8.148170267514633,8.809639434064337,9.256974340141952,9.471287666517117,9.500170429463722,8.938761649468933,8.09026909109452,8.734203000476763,8.928202713540621,9.359208623570952,9.921091155474313,9.931865049381255,9.7765587172957,9.848395864136338,9.76922141299418,9.545784030308337
Na,8.770990535241735,-8.838518021711923,7.880585964775054,9.268245245325915,9.220080968114038,9.181939272591224,9.066034758603166,8.484836146196542,-6.7548990530980255,-8.82723428599714,0.0,8.516945858611754,-7.251912312961371,8.614291438167468,9.128328324499433,8.845262078975734,-6.869614861698347,-8.740184918618725,-7.258433232800835,7.766062849033815,8.898410899396014,9.464911024275475,9.645391752648473,9.601330648319566,9.544307738237652,9.65747623162393,9.32411526210061,9.015875290747527,8.607835280703041,8.216971862166103,6.521724746333854,8.58317530965625,8.952716049734464,8.76485126016672,-6.510655096515373,-8.61359986007367,-7.432338485273059,7.120099598544299,8.717393102245323,9.511345609524332,9.884044820355516,9.87741669983771,10.000073872071058,9.730795193130442,9.283363318637921,8.432458166197605,7.315559149690173,7.763057593845255,3.919460032648443,8.344511128892515,8.809440438936132,8.722642370468199,-4.861075861062859,-8.351760453313295,-7.128518475729174,7.111166958134643,8.697209442923638,8.871272084641186,8.787957237534435,8.603673090601013,8.339695837164914,8.074541095092568,7.9618296605032945,7.537674761498017,6.312114931589767,-5.516419386160453,-6.115692182835845,-5.720070376340762,6.480998994844834,7.94861413750844,8.197262480662515,9.341977944759542,10.114130217651729,10.211879684201813,10.237175095495534,10.07172728472139,9.734378769210458,9.10706834307722,7.84575805883613,-8.12009883153838,-4.786650874783152,8.205486565416663,8.726674192312924,8.786548503347586,6.691277892158051,-8.17634551880421,-6.407902370881504,6.586580736686679,8.474034980442099,9.513316619960957,9.52946864653,9.287257552410475,9.401916246467158,9.27526129861253,8.877674582525485
Mg,7.277064403622504,-9.383670443562387,-7.764039496402885,8.630225131035672,8.53700825673567,8.460022767676865,8.204784937459461,-5.069067924822454,-8.675234364663678,-9.377143756456016,-8.516945858611754,0.0,-8.765399081944693,6.238372658710805,8.34635503937791,7.5722996236664475,-8.692892192813188,-9.327818186505391,-8.766838023840252,-7.878781717916754,7.750404952495522,8.974777297924417,9.254606590029454,9.188771703635524,9.101323963778594,9.272417980328473,8.733462121498185,8.081762994302146,6.166609250949528,-7.167459915513858,-8.37102649937208,5.8383687352418905,7.912436634437447,7.2494211235420485,-8.642959281650478,-9.25957428574276,-8.808006053288254,-8.233036853707373,7.012489345055801,9.049507721408117,9.589946154276122,9.581009655357967,9.742747916952155,9.378440303404668,8.65864650886447,-6.006449931168544,-8.159462176886363,-7.881459140104607,-8.507030379124243,-6.675562866398161,7.438001719713962,7.041028656296899,-8.542272238604532,-9.130804988033576,-8.739511760607687,-8.235954543565041,6.896052277082716,7.662241448045871,7.350036534638081,6.117720417221214,-6.70073541606808,-7.48894523053989,-7.664112094597929,-8.046174266292647,-8.400346588945684,-8.565328011281872,-8.60350431673417,-8.575979734208277,-8.377286155800071,-7.681638827720836,-7.222042219626053,8.765478809588563,9.887947656106128,10.009057409840725,10.039953585370743,9.834455180914336,9.383555362769453,8.299285260255951,-7.801777732537767,-9.031114399825054,-8.540463724851882,-7.199556754252392,7.062509172224296,7.344578109002723,-8.34152156993053,-9.054113599779146,-8.631314073886564,-8.360427357064413,-5.351942660436967,9.052629561917518,9.078117771706365,8.665719367727775,8.869784621316363,8.643460544166615,7.683532100676217
Al,8.968823162468999,-8.609766382889887,8.307846956408005,9.393156997687782,9.350770125350168,9.317380072483598,9.216950793391641,8.740431476851825,6.316346679407459,-8.595507946233683,7.251912312961371,8.765399081944693,0.0,8.842119535426763,9.270721102313534,9.030163342759877,6.107518335972216,-8.484452592392945,-2.3252803636794086,8.234555684089027,9.074535747313005,9.568635401192006,9.732712559886775,9.692411000929273,9.640494014275312,9.743792161678646,9.442625918066236,9.173957546736174,8.837003889666665,8.539555629349005,7.644703985725235,8.81742191808278,9.120268568352499,8.963788665758818,6.6060192772940285,-8.317823197817793,-5.634626139253117,7.880945692531656,8.92505448850745,9.610586298748165,9.953453287843129,9.947270998683523,10.062109393887816,9.811271764923653,9.40649163237786,8.700111032034032,7.977046172249482,8.232675746373165,7.286310637986134,8.633521979421406,9.00047960183385,8.929327107691902,7.156673521036592,-7.947266788454555,5.1045721129492305,7.8767817589147056,8.908692695856953,9.051829673201462,8.982765706645914,8.833673821634445,8.629917354734262,8.43846468353468,8.361502413449047,8.097970692423068,7.581214859949474,7.058807710341215,6.8657773918810046,7.009295214506172,7.631636762099896,8.352636682471347,8.52531958481136,9.458508100715063,10.169660829210898,10.262367366942009,10.286433014447207,10.129594888732523,9.814592724825001,9.25225661974851,8.285179177765734,-7.576380500828501,7.163870266911237,8.531250304482203,8.932607324912814,8.981606397343546,7.703076096642732,-7.671377464020029,6.691066414750113,7.666267394715108,8.732078679251103,9.612372187793529,9.627014356435893,9.409955408669148,9.512026446410685,9.399351681159139,9.057106706942086
Si,6.841305864347119,-9.425742850783955,-7.960470398480315,8.534502302099643,8.431425866452225,8.34548890983484,8.054328529469222,-6.507353463924207,-8.758898886604486,-9.419485981840559,-8.614291438167468,-6.238372658710805,-8.842119535426763,0.0,8.217105233706238,7.267232326441547,-8.775150928230524,-9.37225438705648,-8.843452324943879,-8.055690488355808,7.501904034351384,8.907914972121425,9.204481356025862,9.135142378211823,9.04264888901425,9.223199789093522,8.647549617442646,7.909822375838785,-3.5961458960859622,-7.499739503226888,-8.482828013051213,-5.134653476955275,7.705267904961481,6.798236720747528,-8.729253039241794,-9.30700186803545,-8.881641265275032,-8.36036847584094,6.395913692078228,8.987611862000763,9.5543596402918,9.545131062377505,9.712281659669328,9.3342843006146,8.565737402238245,-6.821177955496929,-8.295880539180827,-8.058077684582615,-8.605289878141887,-7.173051817237744,7.08030092706604,6.448158022468223,-8.637285714210902,-9.184661271370866,-8.81816712253925,-8.362937812322842,6.168229902531995,7.387396066132002,6.952714737527905,-4.080850778557969,-7.18843399722649,-7.740311677010106,-7.8791113462511175,-8.19777368219177,-8.50908700887626,-8.658273437641098,-8.69311966063622,-8.667984308418816,-8.488427381085478,-7.893269408692322,-7.5389456569845645,8.682386376028594,9.861653589123124,9.985797681578504,10.017409544938497,9.80673221273924,9.339629644415401,8.163363582200763,-7.991581947818778,-9.090451996341642,-8.635641254298006,-7.5228657760292545,6.486687765123384,6.943852911884905,-8.45648553183014,-9.112140598012333,-8.718575715438211,-8.473355358657257,-6.582087157756813,8.990932713892029,9.0180211990979,8.573702469817414,8.79523758151329,8.549060638962272,7.415328095838166
P,-7.926261450080081,-9.686970505964497,-8.789993030784208,7.233118857989285,6.787025925973445,6.231221439486366,-6.32324087144392,-8.383162623943003,-9.217302293391157,-9.682155453353005,-9.128328324499433,-8.34635503937791,-9.270721102313534,-8.217105233706238,0.0,-7.728497367407632,-9.22760897630466,-9.646034387453746,-9.2715894958078,-8.832652398930437,-7.546064516108687,8.212695410461093,8.738545704452703,8.62565890666066,8.466608577890472,8.768210106248631,7.59759234413104,-6.88842856032443,-8.226633190020639,-8.61438107415363,-9.05179687191189,-8.261673788985943,-7.303004087981301,-7.940405491051222,-9.198698032796628,-9.596849350967501,-9.296642944544363,-8.984321887553175,-8.040889653569911,8.366499457187247,9.249877630787777,9.237343729855995,9.45848751481937,8.938106217375001,7.343389524066381,-8.438113162788277,-8.950285880699278,-8.833684583241224,-9.122954437545236,-8.518509018321057,-7.830600362623592,-8.030483623929044,-9.142143898091803,-9.506677885916961,-9.255183375901893,-8.98569959020333,-8.079439944528271,-7.644570836443248,-7.885622128585919,-8.232695359104522,-8.52253740727067,-8.699840398837164,-8.755310403879836,-8.90049705584407,-9.066746906965617,-9.15486472943444,-9.176216449050928,-9.160786003703546,-9.054970573832623,-8.761230546730163,-8.627411975299381,7.69409176234845,9.647162941301591,9.798853759193092,9.836841684538918,9.578605693332698,8.94603976907538,-5.271936614064444,-8.80368462128838,-9.43930375398135,-9.141151652486222,-8.62202645840232,-8.022378208178939,-7.889087076840511,-9.036969513402621,-9.454653754445442,-9.191995892838012,-9.046445287353459,-8.394982561595342,8.3726706349918,8.422369922194527,7.370177983887876,7.972451199262668,7.285600368201989,-7.6224248610798435
S,-6.210337956919951,-9.534970625754822,-8.365672588127328,8.204048051516148,8.057601319185212,7.930048298910274,7.447640049450074,-7.6504688878726546,-8.961709342778931,-9.52936294553847,-8.845262078975734,-7.5722996236664475,-9.030163342759877,-7.267232326441547,7.728497367407632,0.0,-8.974997761446131,-9.487151410506959,-9.031267774952566,-8.430165400474557,5.939929737837199,8.69259983950263,9.048997375999694,8.9675065036771,8.857166824940506,9.070830513250279,8.358095920587393,7.164199470882235,-7.291681709140282,-8.083066731776759,-8.74236237142657,-7.378624274755528,6.670045901960648,-6.286583828906341,-8.937616444497461,-9.429191083407472,-9.063020161395588,-8.649246983980163,-6.726460325720822,8.790534066052544,9.447345658396628,9.437069303539243,9.621633127267005,9.199071497825473,8.247253693912743,-7.761593774487121,-8.601334020353637,-8.431708679032148,-8.838123633309857,-7.9140322749114,-5.502290545250681,-6.687160066433513,-8.863556911043277,-9.321708028523979,-9.010357898418144,-8.65117249140637,-6.8630074840553,5.214466111779239,-5.959960130913685,-7.307051896081001,-7.921393122195569,-8.22436962659375,-8.312160671915247,-8.529997564621207,-8.762679355700461,-8.880330343699002,-8.908333778372326,-8.888114992122702,-8.74668455180297,-8.321366778838877,-8.105134262208708,8.404365955660502,9.784084439063143,9.917601005138685,9.951406178906028,9.724598985466745,9.205188396445653,7.639350276360183,-8.386525907115347,-9.240071436103698,-8.86224568602389,-8.096038211699009,-6.655739775677063,-5.983485754585419,-8.722103041912655,-9.258774119916126,-8.92891099106709,-8.735062902541504,-7.674907423019488,8.794576867860467,8.8274468379632,8.258189737755938,8.550692059916447,8.224250038858896,5.43666027985369
Cl,8.910063337076288,-8.68831727310316,8.19063159118978,9.355108834249133,9.311041387692955,9.276274304898054,9.171371764301345,8.666021608500746,4.6570458845726845,-8.675191910818768,6.869614861698347,8.692892192813188,-6.107518335972216,8.775150928230524,9.22760897630466,8.974997761446131,0.0,-8.573038548837769,-6.127855569008882,8.107943699746219,9.02182875599379,9.53680947654564,9.705777369574468,9.664342830752332,9.610897000300193,9.717148638481376,9.406447798690921,9.126341903780952,8.76965672279488,8.447810750141103,7.403260694944913,8.748719961513133,9.069978736762742,8.904723300180699,5.674390610911164,-8.421663365134117,-6.590543700750308,7.69537207103649,8.86358916500801,9.580091359652354,9.931903878171827,9.925586485245377,10.04280030935877,9.786388662708298,9.368977754426455,8.622517784605112,7.809983616043752,8.10580962685253,6.919635565806403,8.550357920381368,8.943603883540668,8.868126128309804,6.726730543995095,-8.09439606455945,-5.654062414357864,7.690356954446167,8.846175031057335,8.99787899850146,8.92484348111127,8.766117622923206,8.546366828938574,8.33644592597635,8.250854073214096,7.9514068600785786,7.321709172056951,6.572052023448038,6.23572059091688,6.490194609749856,7.3865950759182395,8.24097212681268,8.432196010697718,9.422910283194604,10.152337845349157,10.246588678640927,10.271033226412582,10.111557339864834,9.78979313913391,9.208377848510905,8.165207722318627,-7.783130294315669,6.737771616555683,8.438703871219602,8.871613045939606,8.92361501384076,7.476998343570522,-7.861055898323863,5.877624568248447,7.430632749141292,8.65702071334602,9.581929053635786,9.597020542869297,9.372553109751342,9.478315323189594,9.36149122110003,9.003522182946755
Ar,9.448750865919413,-6.4723743365201925,9.093038884523871,9.731767692218229,9.701715879466496,9.678349497340925,9.60938355596941,9.313667425034426,8.592578155366299,-6.345025342387965,8.740184918618725,9.327818186505391,8.484452592392945,9.37225438705648,9.646034387453746,9.487151410506959,8.573038548837769,0.0,8.482543626995065,9.060321027379565,9.515475216721612,9.859892190853948,9.984993152538186,9.953809378045195,9.91406758844903,9.99360316808706,9.767252328681915,9.580558015195187,9.36923408511537,9.205430313315407,8.843254023182338,9.357793197816457,9.545140020224114,9.44563887757039,8.626492697507725,6.611657808832136,8.42507690332852,8.920565870168854,9.421895666696427,9.891410534326656,10.160555542100324,10.15553219368297,10.249763072011138,10.04654750744181,9.741280334837926,9.291139105231727,8.955610789224595,9.05949819356932,8.748006922808461,9.254814105123701,9.468458666589063,9.424494160365873,8.719413173022929,7.6069409757577535,8.51773728357558,8.919095756000168,9.4119688807946,9.50092471986168,9.457401799575123,9.367292487763516,9.252878959886875,9.154735170480487,9.117903323741496,9.002763860850992,8.82452465738459,8.699682375611689,8.665068082817587,8.690275997739192,8.839330488946576,9.113763031657081,9.198140770407283,9.778757109797544,10.339713664714465,10.418477797577935,10.43910047885651,10.306020134724449,10.049162025156159,9.633420327087032,9.08280489405628,7.968456757001931,8.720925786266779,9.201171701168471,9.426494802000516,9.456680954095413,8.861222599473138,7.898750122741434,8.638193957792879,8.84980749904727,9.308967648203687,9.892756943590632,9.903838832640579,9.743745613838621,9.817892343806033,9.736162583464868,9.504340856846671
K,8.969997634674144,-8.608082435432152,8.310034230803543,9.393925387593647,9.351571726707558,9.318208926228769,9.217838249671788,8.741907033984008,6.332882499635837,-8.593852723522497,7.258433232800835,8.766838023840252,2.3252803636794086,8.843452324943879,9.2715894958078,9.031267774952566,6.127855569008882,-8.482543626995065,0.0,8.237001385526694,9.075592273425675,9.569280152179513,9.73325977016933,9.692980703692701,9.641083587574103,9.744333341129703,9.44335598408311,9.174897426672084,8.83831988173139,8.541358942751415,7.649111259055403,8.818785703974633,9.121277874215858,8.964968815369174,6.618422253559259,-8.31556728492984,-5.601102206234387,7.884427375999663,8.926286842180433,9.611207791172474,9.953892528252016,9.947712572060608,10.062503064538149,9.8117776595927,9.407269765232215,8.701647092351074,7.980208950742121,8.235126064221868,7.292611454178151,8.635163863874812,9.001617313274542,8.93054866879768,7.163843920706891,-7.9439973442632965,5.159074584185706,7.880277875248077,8.909939706941715,9.052910534945674,8.98386525690297,8.835017999908526,8.631565058220994,8.440459606747567,8.363656810085416,8.100773794756215,7.585910124897112,7.0667118727842695,6.875356506792996,7.017598924196402,7.6361016312090015,8.354833644265677,8.527148628558349,9.459227815154087,10.170014370518516,10.262690072941957,10.28674679795591,10.129962906071736,9.815096945129518,9.253193396961931,8.287504223010504,-7.571639895731809,7.170989220695874,8.53306899951476,8.933825129256313,8.982766028743,7.707234201641306,-7.667067488199274,6.702463960797922,7.670580866032547,8.733566531681412,9.612989246965531,9.627622541428105,9.41071101327975,9.512708738029671,9.400115375838134,9.058252374117743
Ca,8.315416992870947,-9.132695831927446,5.660380381851769,9.016510091912073,8.954120406131818,8.904062350304368,8.747997957809819,7.81707293695129,-8.076023557396105,-9.124299372729741,-7.766062849033815,7.878781717916754,-8.234555684089027,8.055690488355808,8.832652398930437,8.430165400474557,-8.107943699746219,-9.060321027379565,-8.237001385526694,0.0,8.509597708439331,9.263018899618379,9.479776436957534,9.427568519861884,9.359347327213774,9.49402215134927,9.087814870815567,8.678390732939913,8.044376339574681,7.204229020928001,-7.426796063434187,8.000642193782156,8.58871169824411,8.305717314684228,-8.016460152116833,-8.970075724892538,-8.30595789076809,-7.024284972842288,8.229529637169712,9.319553336724248,9.755957837458451,9.748420542791003,9.886846285351453,9.579846777916348,9.035913970228876,7.712271255247997,-6.753031870601561,-2.0892152737360528,-7.745156323410301,7.522324962791555,8.375400498084419,8.23806561315071,-7.818963902940957,-8.794188080922783,-8.190130314940133,-7.034024146480739,8.19644218614466,8.469298844836093,8.342045363078617,8.037052941468351,7.511333597600802,6.74933263349707,6.236670466340756,-6.178308242194744,-7.500504649455991,-7.865919934897919,-7.941321917353266,-7.887242747724196,-7.442810161260455,6.160116772321643,7.1489994747687735,9.110385556277876,10.013742675782227,10.121277940780175,10.148939303516453,9.96675523433837,9.584030673848972,8.803972600485992,5.281727028708532,-8.651639553156746,-7.815232535786487,7.172284101880716,8.244603360616324,8.339843993508119,-7.349110708046274,-8.685077532874368,-7.994559726445489,-7.399317165532408,7.795907392853357,9.321937347673202,9.341466265632302,9.040898913128547,9.18537138108664,9.025525386740524,8.478854010638674
Sc,-6.776253638958059,-9.561989600529987,-8.450178882820257,8.094625787070063,7.929787096945105,7.783496140462663,7.198109433392187,-7.816231150632374,-9.009153805748838,-9.55653179786889,-8.898410899396014,-7.750404952495522,-9.074535747313005,-7.501904034351384,7.546064516108687,-5.939929737837199,-9.02182875599379,-9.515475216721612,-9.075592273425675,-8.509597708439331,0.0,8.62689842697563,9.003451865501116,8.917995435898264,8.80171695142931,9.026289665885614,8.265050192421922,6.817193971348465,-7.521288579388154,-8.193693152427217,-8.80110535757362,-7.591000304627393,6.014994375178227,-6.820259259583352,-8.986183923821763,-9.459179957353008,-9.105988690866546,-8.713542026448799,-7.100932470382496,8.731147894693233,9.41699429264685,9.406399586903284,9.596198662431698,9.15999775629665,8.142709229076344,-7.911160138587166,-8.668680664410042,-8.511023210280928,-8.891643161000475,-8.043761715424525,-6.436408920421304,-7.074074759599942,-8.91576690058326,-9.355043388193042,-9.055598093012255,-8.7153477323878,-7.196796578516104,-5.283172112455564,-6.6418382656732184,-7.533524593970143,-8.050229906215893,-8.321099751303905,-8.401111494748559,-8.602148441055164,-8.82027427534671,-8.931693831387175,-8.958313718304565,-8.939090163556068,-8.805181457972445,-8.409536493826476,-8.213472383957136,8.315717357011549,9.762505111435152,9.898744418429512,9.933182545723296,9.701681775789869,9.166357669831825,7.438080395973128,-8.469358477205608,-9.27619205204801,-8.914522419708586,-8.205314075512522,-7.052843262321504,-6.653805925038504,-8.782012937339239,-9.294237165804383,-8.977897503532505,-8.794223756765403,-7.83697504854026,8.735437530134602,8.770275544344043,8.15484320474821,8.47475235224144,8.117137781224375,-5.018830569321238
Ti,-8.772691455659883,-9.893075729133864,-9.235486984797918,-7.742373770709848,-7.938158205935385,-8.064665591350815,-8.353225050121047,-8.994580128803877,-9.52925436403098,-9.88915926246227,-9.464911024275475,-8.974777297924417,-9.568635401192006,-8.907914972121425,-8.212695410461093,-8.69259983950263,-9.53680947654564,-9.859892190853948,-9.569280152179513,-9.263018899618379,-8.62689842697563,0.0,7.844768825094198,7.542406960531255,6.97251196764523,7.9157828487357005,-7.43548414475719,-8.448341966975724,-8.912701105909965,-9.126607618642538,-9.410864539798913,-8.93049932022522,-8.55086422971229,-8.77878296866905,-9.515642020169237,-9.820329241665371,-9.587942868553203,-9.364219748376494,-8.823477509658572,6.420135914209678,8.812370786113043,8.792890406512056,9.119322810930669,8.276468517666105,-7.669740453510116,-9.024769336463311,-9.3410671906257,-9.263733968610419,-9.46107591337415,-9.070279152902406,-8.732773384869233,-8.818733088556368,-9.47479764166532,-9.748919777622573,-9.557123653717891,-9.365162066621277,-8.841288213634177,-8.661421435818491,-8.755461373989563,-8.915758311822113,-9.072601385011204,-9.178686904858713,-9.213411434088151,-9.307656458742192,-9.421319571422517,-9.48393507593287,-9.499345491649555,-9.488199546482102,-9.413073334411013,-9.217159901359523,-9.134439408570957,-7.308629335161975,9.375121132110342,9.569874449381926,9.617408280277463,9.284178768546388,8.291786844813267,-8.263915236734226,-9.24427813484421,-9.696428220200422,-9.47408628358861,-9.131199293107255,-8.8150564818888,-8.75691488235361,-9.400524755451661,-9.708318292360275,-9.510792816560674,-9.407121846630071,-9.001010745058831,6.462574863586127,6.7583271906319835,-7.64995532509031,-6.670146801928886,-7.709457122078058,-8.653467145417947
