element,0,1,2,3,4,5,6,7,8,9,10,11,12,13,14,15,16,17,18,19,20,21,22,23,24,25,26,27,28,29,30,31,32,33,34,35,36,37,38,39,40,41,42,43,44,45,46,47,48,49,50,51,52,53,54,55,56,57,58,59,60,61,62,63,64,65,66,67,68,69,70,71,72,73,74,75,76,77,78,79,80,81,82,83,84,85,86,87,88,89,90,91,92,93,94
H,-0.0,-8528.849686857544,-2961.2782181064053,8740.22455210988,8657.59182040461,6210.3069139603285,5219.851890185692,1977.0018915919827,-3484.760927373228,-8530.86883211873,-4513.933652903962,5077.4540543250505,5634.935358452289,4997.564325010556,6045.7316898417175,2852.9536319411873,-2556.0141757311267,-7898.954656703224,-5200.318656491613,2982.9570662837364,6801.619855009266,8711.307100028422,8786.05333179853,8272.76473160095,7620.974222158039,6011.564233646165,5496.20034585785,5247.348579936609,3037.9541370149354,4306.4498826587815,2036.1088005566714,3812.295998913618,5354.4822457558275,2636.949440958701,-2293.368198387067,-8072.196100429412,-5309.1787421578865,1674.545923479857,2169.123729226196,6845.357929024412,9627.343022158591,8892.162320068577,6732.164711277798,4717.042976053507,4604.038208341552,2442.465931890095,-1138.591332632314,1840.0619893965422,1599.7246795640513,2437.644751589957,4668.410345794363,2966.541359729932,-1724.8565857914004,-7425.002109071284,-7079.730522873615,1183.4511851270377,5959.7786153438865,5876.465934150569,5217.104444557913,4542.3446571582945,3855.060553962191,3256.5823822596753,2791.778211259048,2473.041216458967,2205.691734543365,1923.8636943942972,1518.2383085266933,40.88073819453136,-992.9195029656979,-552.3197782400662,3696.3679328078606,8975.331874925856,11964.623955813173,12108.926257879573,9364.293675739002,8504.69485631608,8503.74687291935,4468.55212557273,480.4024770980546,-840.467150321247,-3376.7358591334923,1891.043321983405,4237.872990599705,3220.0215572687125,-1094.635442160464,-6468.239542329733,-7085.105428006524,504.0393269762404,2492.53385047665,8294.292301590645,9110.281023054647,7830.066788343987,6696.562012240649,6564.204496583036,4915.067251952543
He,8528.849686857544,-0.0,5567.577098312991,17269.08264266575,17186.44041011812,14739.1560079076,13748.691862236097,10505.849631240284,5044.0878895363085,-2.019471594111511,4014.9149601676554,13606.282892610308,14163.81924613611,13526.374515976218,14574.580876939299,11381.803000283286,5972.834400916924,629.8937456438755,3328.5287443626116,11511.805659458869,15330.467998389538,17240.156004996043,17314.902242347696,16801.61436838706,16149.782339415899,14540.411339817063,14025.01287141925,13776.19654924275,11566.802721287802,12835.298983639172,10564.957563243393,12341.145336432688,13883.331590827254,11165.798251984677,6235.479925270519,456.65202374857057,3219.6276571692256,10203.393412494665,10697.972324246082,15374.206661871782,18156.191012387975,17421.01046355605,15261.013158270887,13245.891402013302,13132.886558383449,10971.31427132721,7390.2571272196,10368.910644056577,10128.572952193206,10966.49231769443,13197.257950226,11495.387399084942,6803.991905071183,1103.8463386829308,1449.1164669268755,9712.304153071931,14488.624858385112,14405.314605260646,13745.953155847323,13071.193415623804,12383.90935012131,11785.431162671555,11320.627003281124,11001.89001870328,10734.54041917865,10452.712383910131,10047.08699718105,8569.729322570181,7535.929082793609,7976.528720192085,12225.218178904957,17504.180372909887,20493.473037098654,20637.77416681878,17893.141872253967,17033.54312554254,17032.59570988689,12997.400735483969,9009.2511288079,7688.381596632243,5152.111914836748,10419.889941842432,12766.718842676739,11748.867729005391,7434.214549597356,2060.6086714164085,1443.7409348110598,9032.889270774444,11021.382115393626,16823.140313524815,17639.129969463334,16358.91548431692,15225.410626146597,15093.053122847708,13443.915673016934
Li,2961.2782181064053,-5567.577098312991,-0.0,11701.503582450032,11618.8649299649,9171.5961751931,8181.115947966503,4938.274362676367,-523.4887491024998,-5569.595867794469,-1552.661438636577,8038.706978340714,8596.213576558695,7958.798601706622,9007.004189265364,5814.226493987421,405.2579253899135,-4937.682450153049,-2239.0474845229414,5944.228531889466,9762.892103099006,11672.57960819671,11747.32463371973,11233.992599722782,10582.245459611288,8972.836395851156,8457.472522324451,8208.580865018379,5999.179880971583,7267.721820798436,4997.381001238176,6773.568595006004,8315.75485973665,5598.221510407935,667.9038623312102,-5110.923676709116,-2347.9074714821695,4635.819255735328,5130.396641355119,9806.630135295276,12588.615131885588,11853.434120712154,9693.437222698623,7678.3151191549305,7565.31013765914,5403.7378166256285,1822.6808062828968,4801.334115047581,4560.9962593001055,5398.916590010507,7629.682374157688,5927.813157298661,1236.4160296458892,-4463.729842094369,-4118.458485811753,4144.724611634407,8921.050658568003,8837.737936485315,8178.3764440254645,7503.616697968792,6816.332567202379,6217.854413608096,5753.050256897221,5434.3132730612715,5166.9637998602775,4885.135767132092,4479.510387925563,3002.1528163450334,1968.3527601914934,2408.952363943012,6657.641171075239,11936.604455610266,14925.89608758628,15070.198348100992,12325.56590339808,11465.966982566024,11465.019163218833,7429.823935452517,3441.674977656945,2120.805052713402,-415.4640935410414,4852.316578762263,7199.146428849762,6181.294934793199,1866.6366368159674,-3506.9675081120104,-4123.83339532063,3465.3131881136787,5453.805900967901,11255.56363294432,12071.553212179502,10791.339045438917,9657.834538213521,9525.476557077756,7876.339126569783
Be,-8740.22455210988,-17269.08264266575,-11701.503582450032,-0.0,-82.63909573766563,-2529.930396474245,-3520.37953618066,-6763.245923891946,-12225.016457265814,-17271.099270226656,-13254.164510826951,-3662.777731158003,-3105.2891936575907,-3742.6671135368783,-2694.498872632172,-5887.276465601263,-11296.245061304111,-16639.185628242867,-13940.550849437319,-5757.272994045099,-1938.6112704775717,-28.924065794282075,45.822416159205716,-467.4657527076647,-1119.2571053611746,-2728.667001853156,-3244.0697712465007,-3492.882551897012,-5702.277328554394,-4433.781248083866,-6704.122399129835,-4927.934334891749,-3385.7484095445902,-6103.281178273048,-11033.599481134059,-16812.427007150305,-14049.451027316654,-7065.685438095553,-6571.107263793962,-1894.8732191879867,887.1118371130701,151.93102897830727,-2008.0661399648484,-4023.188153585289,-4136.192617029878,-6297.765309242923,-9878.82354008608,-6900.169526232314,-7140.506208269731,-6302.586665236073,-4071.820924530112,-5773.689590869816,-10465.086865848874,-16165.233406526262,-15819.961427449882,-7556.7784512257385,-2780.452022442762,-2863.7646275542124,-3523.126073585499,-4197.885798223123,-4885.1713861512935,-5483.648393128927,-5948.452663031379,-6267.189252562279,-6534.538932603327,-6816.367141345229,-7221.992349444357,-8699.350167714494,-9733.150487189983,-9292.550768645888,-5043.861858157851,235.10061295803922,3224.3918475630576,3368.6950854724755,624.0624775587196,-235.53645189358036,-236.4841829909116,-4271.679199764203,-8259.828581777821,-9580.698065176408,-12116.967351240693,-6849.188198969083,-4502.3586087846725,-5520.209219965571,-9834.864730232153,-15208.470858018702,-15825.336444897843,-8236.189864420083,-6247.697060108027,-445.9392348210339,370.05060572608124,-910.1635241193509,-2043.669251358509,-2176.0267915679447,-3825.1639540168385
B,-8657.59182040461,-17186.44041011812,-11618.8649299649,82.63909573766563,-0.0,-2447.285185421484,-3437.7404466156186,-6680.590285479199,-12142.353368095413,-17188.459911499,-13171.526075675623,-3580.1383869757624,-3022.6211332224657,-3660.026661227518,-2611.8599220906253,-5804.637481704321,-11213.606005017788,-16556.669310796893,-13857.911752388503,-5674.634648747831,-1855.9721878154076,53.714957408165155,128.46149328463693,-384.8269232871755,-1036.6180595012606,-2646.0279587556593,-3161.391649149002,-3410.243326395014,-5619.637878169176,-4351.142545393571,-6621.483043473128,-4845.295068908268,-3303.1089960459162,-6020.6420960176565,-10950.960458534413,-16729.78791285813,-13966.77084996591,-6983.046380547445,-6488.468172602264,-1812.2340835477266,969.7508282931093,234.5701563902768,-1925.4271767620942,-3940.5489773367945,-4053.652658191753,-6215.242004422259,-9796.31737865222,-6817.529914649713,-7057.86714876322,-6219.947605045878,-3989.1813081807973,-5691.050549292066,-10382.447825781337,-16082.5943129182,-15737.322817359649,-7474.139414755367,-2697.8129491264767,-2781.12508880891,-3440.487224735279,-4115.2469531956895,-4802.530780212521,-5401.009237765131,-5865.813592867046,-6184.550583377682,-6451.900042276128,-6733.727933882735,-7139.35345314112,-8616.711116537255,-9650.512598057041,-9209.911755927811,-4961.222077135066,317.73969658520974,3307.031811135916,3451.3342594887054,706.7016689976331,-152.89728006358388,-153.84539685228526,-4189.03997523078,-8177.189193595974,-9498.058967025452,-12034.32828553199,-6766.549479222963,-4419.718867926148,-5437.570222027186,-9752.225667725597,-15125.832197104042,-15742.697403958868,-8153.550904494785,-6165.058016159693,-363.3001249513676,452.689595311572,-827.5249590163885,-1961.0300357970455,-2093.3875800961955,-3742.52484938603
C,-6210.3069139603285,-14739.1560079076,-9171.5961751931,2529.930396474245,2447.285185421484,-0.0,-990.455147621961,-4233.304838167486,-9695.067669418395,-14741.175332709636,-10724.240253274167,-1132.8530959579932,-575.3364433601489,-1212.741904618322,-164.57470992780017,-3357.351866476032,-8766.320804142746,-14109.379560150495,-11410.626665172324,-3227.3496141701253,591.3130183758375,2501.000172114251,2575.7467186782233,2062.458574416092,1410.6671681226069,-198.7427416997292,-714.1065245519595,-962.9581965901833,-3172.3526012964703,-1903.8569745945733,-4174.197596343342,-2398.0100226681047,-855.8237477904295,-3573.357093772574,-8503.67506504232,-14282.502752309898,-11519.485688073697,-4535.760723503468,-4041.1827986753165,635.0511946260381,3417.036225377151,2681.85539849504,521.8580057281818,-1493.2637996645356,-1606.268514585915,-3767.841066188424,-7349.027638568953,-4370.244691976072,-4610.582181733476,-3772.661981204643,-1541.8961125427647,-3243.76535677557,-7935.1628323335035,-13635.30791626511,-13290.037303195555,-5026.854161996077,-250.5289679245564,-333.8402304074614,-993.2016145979181,-1667.9614891979884,-2355.245835191556,-2953.7239143229394,-3418.528349751246,-3737.2654068617535,-4004.6145875568227,-4286.442636061753,-4692.068288090395,-6169.4259295192005,-7203.2261968785115,-6762.626528189409,-2513.9374536001214,2765.0246866529246,5754.317237384372,5898.619267219004,3153.986947741379,2294.3881021900156,2293.4400611966075,-1741.75482723004,-5729.904155234762,-7050.773787304149,-9587.043090542826,-4319.263390474674,-1972.4336731151868,-2990.2849923276804,-7304.941994721811,-12678.546596576816,-13295.412216971568,-5706.265639814571,-3717.772787780908,2083.98635558397,2899.9750020951287,1619.760050700904,486.25507241057505,353.8975478943354,-1295.2397641621774
N,-5219.851890185692,-13748.691862236097,-8181.115947966503,3520.37953618066,3437.7404466156186,990.455147621961,-0.0,-3242.8498388650514,-8704.612919390152,-13750.72142124378,-9733.785104544775,-142.39809168501017,415.1186913204711,-222.28694347763204,825.8806005259132,-2366.897603099642,-7775.8657600507395,-13118.806219541197,-10420.171499533497,-2236.894474446748,1581.7677033552018,3491.4553768006926,3566.2018301087396,3052.8786032832695,2401.12233471141,791.7123958754976,276.3485851576121,27.49693373314749,-2181.93411546793,-913.4018386241122,-3183.7426010429367,-1407.5546412349308,134.63140323209097,-2582.9016533557406,-7513.219959124123,-13292.047593114117,-10529.064205066874,-3545.305529306858,-3050.7276549141857,1625.506326371775,4407.491242835684,3672.3104879517814,1512.3131611178933,-502.8086492165981,-615.8133947612879,-2777.386014751159,-6358.442797379328,-3379.7892506435633,-3620.1269417138756,-2782.2067883312848,-551.4418422713701,-2253.310168833604,-6944.707482152757,-12644.854018770071,-12299.582148436879,-4036.3989964024267,739.9267624266841,656.6142687737897,-2.746737095667444,-677.506687636372,-1364.7905264309113,-1963.2687443048865,-2428.073081548984,-2746.8099718317426,-3014.1593705330265,-3295.9876740661207,-3701.61316302729,-5178.970642093303,-6212.771025552943,-5772.171388124795,-1523.4822856470532,3755.479241663636,6744.772373359414,6889.074410856397,4144.441967103253,3284.8432848668067,3283.8951856969657,-751.29969590655,-4739.449114543011,-6060.318448019475,-8596.587703632318,-3328.8081954717145,-981.9796176185198,-1999.8298314779543,-6314.485452274007,-11688.091450526686,-12304.957059150873,-4715.810475580329,-2727.3191772739215,3074.4415037151,3890.4301449390537,2610.2151826446766,1476.7103554853718,1344.3528152516524,-304.78478732072625
O,-1977.0018915919827,-10505.849631240284,-4938.274362676367,6763.245923891946,6680.590285479199,4233.304838167486,3242.8498388650514,-0.0,-5461.762706444421,-10507.869902093644,-6490.947019832589,3100.451575257845,3657.968029048953,3020.5628699106937,4068.6925088083203,875.9525086161917,-4533.016025266623,-9875.956307664257,-7177.3211097459425,1005.9552563454315,4824.617877228135,6734.305146897376,6809.051879164263,6295.7637815053395,5643.972331606371,4034.5379028453754,3519.198464006566,3270.346660251835,1060.9521913118851,2329.447905869401,59.10697665792913,1835.2949632876887,3377.481190204927,659.9479949380349,-4270.370124046445,-10049.19795269815,-7286.180847272689,-302.45660755159275,192.12195018162927,4868.3561588165785,7650.341011219765,6915.160314265468,4755.16291182181,2740.041152931835,2627.03646441057,465.4639126628625,-3115.593193045392,-136.9397800133541,-377.2776050186382,460.64218920524354,2691.4087485360624,989.5388235590148,-3701.857858960641,-9402.004037622155,-9056.732427606588,-793.550644172156,3982.777005900378,3899.46460972492,3240.10298979319,2565.3431429976713,1878.0589739414834,1279.5807744892925,814.7767881155881,496.0397817166881,228.69000178460047,-53.13795900293945,-458.76340022299973,-1936.1208029697427,-2969.921066390414,-2529.321531297874,1719.3672883303313,6998.329615339651,9987.621944121238,10131.92463798879,7387.29179550425,6527.692831795904,6526.745147913157,2491.550124031759,-1496.5994706160845,-2817.468729532958,-5353.73781343968,-85.95954074275724,2260.871178793104,1243.0185413733166,-3071.63569648461,-8445.24145802086,-9062.107340786619,-1472.962502322288,515.5304039415554,6317.292285742509,7133.279257385422,5853.0647365456025,4719.559920425664,4587.20240647678,2938.065160484318
F,3484.760927373228,-5044.0878895363085,523.4887491024998,12225.016457265814,12142.353368095413,9695.067669418395,8704.612919390152,5461.762706444421,-0.0,-5046.107048364843,-1029.1727811881417,8562.214126105613,9119.731205864835,8482.325334998259,9530.492864777665,6337.715170471837,928.7465971702337,-4414.193668862912,-1715.5960121847647,6467.669779594913,10286.380883047885,12196.040831861046,12270.793578049803,11757.50965272733,11105.721024240784,9496.308436219242,8980.950277228774,8732.096644313206,6522.715328961289,7791.191411401242,5520.869750259232,7297.015499533045,8839.243370407989,6121.709614929513,1191.3926178123727,-4587.4349024031235,-1824.4178136473913,5159.306606317461,5653.884455066019,10330.118872180381,13112.103889675109,12376.923212661446,10216.925543129611,8201.803810865451,8088.79924430452,5927.2267611703255,2346.169628114845,5324.8227628719505,5084.484618604702,5922.405372505207,8153.171147777364,6451.301914645898,1759.9047913174684,-3940.2410630026034,-3594.9698243318453,4668.21340393674,9444.53942959083,9361.225190460387,8701.863935298694,8027.105378923912,7339.8212786478825,6741.343122113352,6276.538963410147,5957.801978342652,5690.452504230476,5408.624470613902,5002.999090143454,3525.6414972475663,2491.841300387424,2932.440907325172,7181.1298258462775,12460.092652677775,15449.385799189746,15593.68712638796,12849.054676981044,11989.45575622795,11988.508452975104,7953.3128340662915,3965.164178754325,2644.293724273912,108.02454883733286,5375.807364645094,7722.633559530608,6704.784600863905,2390.125472671709,-2983.478851410747,-3600.344743624922,3988.801988376747,5977.294668326118,11779.050482640401,12595.041943461878,11314.827722422275,10181.322975915862,10048.965667174529,8399.828206698023
Ne,8530.86883211873,2.019471594111511,5569.595867794469,17271.099270226656,17188.459911499,14741.175332709636,13750.72142124378,10507.869902093644,5046.107048364843,-0.0,4016.93450827439,13608.322331714688,14165.838280572052,13528.493968192106,14576.60060744429,11383.822860345326,5974.854118582356,631.9131190371262,3330.54840343277,11513.778139325601,15332.48866414875,17242.149202016375,17316.901941523207,16803.618009354872,16151.829374715751,14542.432560285197,14027.058613675112,13778.204983154237,11568.823104715064,12837.299754393523,10566.97659272348,12343.123864686815,13885.351431999145,11167.817809770406,6237.499755004198,458.6714101944955,3221.7609414155754,10205.41265156013,10699.991966152837,15376.225918331153,18158.21191550007,17423.028402964926,15262.947669137118,13247.831428804599,13134.906143530587,10973.33383304092,7392.276712141008,10370.930318980676,10130.592632445896,10968.512028061026,13199.277211557552,11497.407419995945,6806.011050843406,1105.8644846543336,1451.1360328850992,9714.3201311827,14490.644854875447,14407.334338619003,13747.973124479762,13073.213144106887,12385.929035522102,11787.4506570712,11322.646594582406,11003.909529252236,10736.560056882092,10454.732023411521,10049.106636981873,8571.748991264858,7537.948602403355,7978.548380617659,12227.237404745805,17506.200365172994,20495.49282174734,20639.79517545099,17895.162729445372,17035.561804280358,17034.615744781757,12999.419846466028,9011.270608319695,7690.401066605668,5154.131827297088,10421.909392459465,12768.738843063322,11750.886929630917,7436.233983154295,2062.62648009224,1445.7605020585572,9034.909129716547,11023.401204245905,16825.160018223996,17641.149704979132,16360.935143220155,15227.430307959616,15095.072834778393,13445.935063372104
Na,4513.933652903962,-4014.9149601676554,1552.661438636577,13254.164510826951,13171.526075675623,10724.240253274167,9733.785104544775,6490.947019832589,1029.1727811881417,-4016.93450827439,-0.0,9591.39503906008,10148.903914545635,9511.54251237848,10559.639528640912,7366.888088495959,1957.9193607325699,-3385.021334862199,-686.3862152444067,7496.8906928817205,11315.553998504136,13225.214493454867,13299.988173557762,12786.697147377583,12134.907157826192,10525.498585346193,10010.134151078799,9761.28155803937,7551.887633428121,8820.384089948675,6550.0424365957215,8326.230376437386,9868.416630311991,7150.883295391236,2220.564974070726,-3558.2624283219225,-795.2451767283608,6188.479133950236,6683.057360678379,11359.291379971231,14141.27695305657,13406.01892454425,11246.09817834472,9230.976936115801,9117.972051521076,6956.399396358236,3375.3422697128135,6353.995715537248,6113.65798152999,6951.5771015024875,9182.34240774839,7480.473182221946,2789.0774583929897,-2911.068508359596,-2565.7970893717834,5697.3857637666015,10473.70989706164,10390.399628721849,9731.038194118675,9056.278452125258,8368.994357637162,7770.516376587665,7305.712061827802,6986.974993479095,6719.625500294947,6437.797452793463,6032.172053889754,4554.814463083846,3521.0142818560926,3961.61386031533,8210.303211885188,13489.265477114313,16478.55811605331,16622.86047615754,13878.227741851595,13018.628794653228,13017.680811608094,8982.485776318743,4994.336020736293,3673.4672289684645,1137.1971973780555,6404.97658078684,8751.806198561457,7733.954490956741,3419.2995558087973,-1954.308005768691,-2571.172109252729,5017.974532655161,7006.4681891534665,12808.223138471716,13624.215056602916,12344.00056005032,11210.495808786292,11078.138194897581,9429.000739835537
Mg,-5077.4540543250505,-13606.282892610308,-8038.706978340714,3662.777731158003,3580.1383869757624,1132.8530959579932,142.39809168501017,-3100.451575257845,-8562.214126105613,-13608.322331714688,-9591.39503906008,-0.0,557.5167700473752,-79.88891603006985,968.278554299545,-2224.499183419669,-7633.543235348779,-12976.408322764139,-10277.773330214857,-2094.4963949920175,1724.166357369078,3633.8534654754576,3708.599957526548,3195.311428182667,2543.520344206202,934.1104626515627,418.74666215839477,169.89504031017776,-2039.4993937691363,-771.0036984667202,-3041.344628655573,-1265.1568034899974,277.02923898853254,-2440.50387166367,-7370.821926104343,-13149.649605121425,-10386.655235441083,-3402.9075521388263,-2908.329597344512,1767.9045269292283,4549.889268919476,3814.623498298211,1654.7112388203411,-360.4106112330156,-473.4153073853133,-2634.9877429022486,-6216.045121532505,-3237.3913599810435,-3477.728959624571,-2639.808809830787,-409.04372969117696,-2110.9121604136926,-6802.309473614726,-12502.455960693324,-12157.18413816019,-3894.0009935416624,882.3242944273369,799.0123937231125,139.6512960586552,-535.1089613519309,-1222.392496417443,-1820.8707134781685,-2285.6748461521274,-2604.412181083838,-2871.761423152486,-3153.589451138857,-3559.21494518751,-5036.572705248121,-6070.372603886901,-5629.773331234922,-1381.0843384457141,3897.878034712667,6887.170330948406,7031.472640603055,4286.840103406295,3427.2414240034004,3426.293954829385,-608.9016075436137,-4597.051360910951,-5917.92056299435,-8454.189869494825,-3186.4101895021513,-839.5815050385859,-1857.4318238323847,-6172.087316237119,-11545.693484686091,-12162.559051609747,-4573.412471451003,-2584.9196186741283,3216.8395300325014,4032.8280672693563,2752.613384991405,1619.1085588241162,1486.7510185493402,-162.3866147126816
Al,-5634.935358452289,-14163.81924613611,-8596.213576558695,3105.2891936575907,3022.6211332224657,575.3364433601489,-415.1186913204711,-3657.968029048953,-9119.731205864835,-14165.838280572052,-10148.903914545635,-557.5167700473752,-0.0,-637.4056402956442,410.76168793554734,-2782.016012958133,-8190.984631543325,-13533.925366369152,-10835.290040794656,-2652.0130226319716,1166.6495129873822,3076.3365962266603,3151.0834044129338,2637.7951970967842,1986.0035495932632,376.593688847226,-138.77007407083755,-387.6217428598198,-2597.0159628088372,-1328.5205477292238,-3598.861412395912,-1822.6734542555148,-280.4873497565667,-2998.020567230789,-7928.339836446156,-13707.166418225268,-10944.161833659065,-3960.4249506403294,-3465.846844701098,1210.387529513167,3992.3725678126652,3257.191821719337,1097.1944422214035,-917.9273366996715,-1030.9320140482691,-3192.504528585534,-6773.561560382647,-3794.908163810105,-4035.245632328341,-3197.3261550219872,-966.5604803847992,-2668.4290368427955,-7359.826471283888,-13059.972764966222,-12714.701267985221,-4451.517860404786,324.8075545089065,241.49612048315782,-417.8658888558681,-1092.6251387227692,-1779.9093532819677,-2378.3876449784825,-2843.191831341212,-3161.9289404183214,-3429.278419113617,-3711.106472549625,-4116.7318589261695,-5594.202923167113,-6627.889932287202,-6187.29008794271,-1938.6012196963472,3340.361308659638,6329.65361814577,6473.881330017188,3729.3232847758886,2869.724403124324,2868.6989497376185,-1166.418267618675,-5154.567914630397,-6475.43717360902,-9011.706690619007,-3743.9270727635753,-1397.0973681471733,-2414.948683815746,-6729.6041754764565,-12103.2106054192,-12720.07590825918,-5130.92933703219,-3142.4364744950453,2659.3226924680203,3475.3109948745314,2195.0967495136374,1061.5917055943169,929.2341475841532,-719.9035257547637
Si,-4997.564325010556,-13526.374515976218,-7958.798601706622,3742.6671135368783,3660.026661227518,1212.741904618322,222.28694347763204,-3020.5628699106937,-8482.325334998259,-13528.493968192106,-9511.54251237848,79.88891603006985,637.4056402956442,-0.0,1048.1673664338305,-2144.610334391778,-7553.578966405118,-12896.5195932307,-10197.884399242408,-2014.6074878281042,1804.055141371927,3713.7422218916868,3788.4854565648197,3275.2006657364536,2623.4092024035185,1013.9993729442072,498.6355752233429,249.78392652210434,-1959.610613474381,-691.1148423346079,-2961.455512367778,-1185.267909814483,356.91836667636613,-2360.6150135640587,-7290.933235435097,-13069.76221281431,-10306.732958369794,-3323.0192855868313,-2828.56822908962,1847.7932389856057,4629.77822525776,3894.5976072022063,1734.6005072773628,-280.52167573162114,-393.52639280168853,-2555.0988258848156,-6136.1559470524135,-3157.5026700540197,-3397.8400112937334,-2559.9200661574564,-329.1548136652891,-2031.0234371979293,-6722.4210603856845,-12422.567468068915,-12077.295654986165,-3814.1122660579595,962.2132319188362,878.9020019406091,219.5400748515837,-455.2195501796065,-1142.503833442836,-1740.9821453440975,-2205.7864782271795,-2524.5235210892133,-2791.8729898595543,-3073.7909475040856,-3479.413385776859,-4956.683932308525,-5990.484144157988,-5549.884531968938,-1301.2631588337651,3977.7670724350455,6967.001114651541,7111.361522996224,4366.728977839839,3507.130093752128,3506.182207630388,-529.0127213403354,-4517.161983371954,-5838.0319575718995,-8374.300569494808,-3106.5214736636512,-759.692589013063,-1777.54308785341,-6092.198583164975,-11465.804976359788,-12082.670314798394,-4493.523742527559,-2505.03087742122,3296.7283097204813,4112.716543768646,2832.502559500352,1698.9973201186826,1566.639823510522,-82.49761170128511
P,-6045.7316898417175,-14574.580876939299,-9007.004189265364,2694.498872632172,2611.8599220906253,164.57470992780017,-825.8806005259132,-4068.6925088083203,-9530.492864777665,-14576.60060744429,-10559.639528640912,-968.278554299545,-410.76168793554734,-1048.1673664338305,-0.0,-3192.7775810990915,-8601.746271018414,-13944.687163485098,-11246.052280095246,-3062.7749244993597,755.8878519169009,2665.574869704462,2740.3214511284873,2227.0332552358645,1575.1861468633838,-34.168201358590835,-549.5318234821635,-798.3834944947293,-3007.7778397609954,-1739.282209154298,-4009.62328696065,-2233.4353216878644,-691.249001387154,-3408.7823666212767,-8339.100495269384,-14117.928166649923,-11354.912070624105,-4371.186617670013,-3876.720591203949,799.6258957106031,3581.610785095892,2846.430396966119,686.432750259258,-1328.6890449809096,-1441.6937667473003,-3603.265963011444,-7184.323365839468,-4205.670047174271,-4446.008465841682,-3608.087821974432,-1377.321581429522,-3079.190810783926,-7770.588430155919,-13470.734484573086,-13125.463016495623,-4862.279631153663,-85.95410770656905,-169.2656551504937,-828.627039278917,-1503.386893334073,-2190.671185515272,-2789.1494895671226,-3253.953679550884,-3572.6907102783025,-3840.0400064134765,-4121.943309618415,-4527.565747891188,-6004.85131225011,-7038.651487298252,-6598.051887926195,-2349.415520948094,2929.5994833538102,5918.84875253721,6063.19424800751,3318.561519321539,2458.962677662281,2458.0148325423083,-1577.1799717145643,-5565.329509006997,-6886.199125585288,-9422.467868013524,-4154.689450307326,-1807.8591411910404,-2825.7104582441348,-7140.36595532718,-12513.972347450514,-13130.837688093152,-5541.691108607978,-3553.1982765687762,2248.5609249772865,3064.549306970859,1784.3350909371081,650.8299636554502,518.4724353762367,-1130.6651204441746
S,-2852.9536319411873,-11381.803000283286,-5814.226493987421,5887.276465601263,5804.637481704321,3357.351866476032,2366.897603099642,-875.9525086161917,-6337.715170471837,-11383.822860345326,-7366.888088495959,2224.499183419669,2782.016012958133,2144.610334391778,3192.7775810990915,-0.0,-5408.968686335425,-10751.908699851176,-8053.2748716169635,130.00275485119383,3948.665427532131,5858.352525197658,5933.099085247691,5419.810957069157,4768.019584940935,3158.6096326786956,2643.2458504992505,2394.3936256430397,184.99985186950389,1453.4953171376178,-816.8417460415293,959.3423610545799,2501.528572119874,-216.00478631101703,-5146.322861418211,-10925.28794840715,-8162.132925060418,-1178.408433852374,-683.8307011331424,3992.403712462158,6774.388251919495,6039.208342750996,3879.2102089176014,1864.0885796266666,1751.0838772041366,-410.48853724116213,-3991.5456800930237,-1012.8922303773065,-1253.2296041548536,-415.31014107454394,1815.4561141359857,113.58621892433808,-4577.81041819246,-10277.956830444939,-9932.685012499027,-1669.502476930011,3106.824357643929,3023.5121030678597,2364.1504828691345,1689.3906364163913,1002.1064677960111,403.6283731696586,-61.17596512473569,-379.9128342204013,-647.2624190832537,-929.0903455731493,-1334.7158151688275,-2812.0734197455054,-3845.8739170946446,-3405.3414622868313,843.4147039132638,6122.377447154776,9111.669895687326,9255.971715304284,6511.339122908522,5651.740285043041,5650.792726595438,1615.597578603974,-2372.5518571126495,-3693.421447520667,-6229.690685528724,-961.9117726469916,1384.9185793914291,367.0663239448425,-3947.5882547515084,-9321.194329632364,-9938.059994589501,-2348.9138776449026,-360.4217988807101,5441.339360629419,6257.32679036474,4977.11254013512,3843.6080516345,3711.250294819074,2062.1128008883575
Cl,2556.0141757311267,-5972.834400916924,-405.2579253899135,11296.245061304111,11213.606005017788,8766.320804142746,7775.8657600507395,4533.016025266623,-928.7465971702337,-5974.854118582356,-1957.9193607325699,7633.543235348779,8190.984631543325,7553.578966405118,8601.746271018414,5408.968686335425,-0.0,-5342.940571919833,-2644.305710420186,5538.971121827621,9357.633914522476,11267.362689743568,11342.067615747152,10828.779370442619,10176.987942386875,8567.578551210996,8052.214342804362,7803.362699492907,5593.96826353116,6862.46389682409,4592.1232409660015,6368.3109406930935,7910.497069016188,5192.963697965387,262.6455085662229,-5516.181864746508,-2753.1647851628313,4230.559905604695,4725.1379684302065,9401.372509423762,12183.345245008995,11448.168075737603,9288.178929747857,7273.057817197466,7160.051070203107,4998.480407714761,1417.4227569340396,4396.076270687431,4155.705042085652,4993.658351995945,7224.362158554881,5522.555196381652,831.1571213455167,-4868.987934604925,-4523.716672724166,3739.466585489754,8515.792672327667,8432.479518236734,7773.118591266165,7098.358848205827,6411.074749168867,5812.596604570677,5347.792446932615,5029.055462085305,4761.705988584236,4479.877955798746,4074.252575984882,2596.8949909019966,1563.0950239701344,2003.6943815394172,6252.38312484677,11531.345354009602,14520.637996669053,14664.940527301856,11920.30823876632,11060.696266570472,11059.79706298044,7024.565997769127,3036.4166967173387,1715.5470307391226,-820.722461813487,4447.057221185482,6793.88675900805,5776.035412320966,1461.380175047831,-3912.225605893873,-4529.0914895388,3060.0536782072545,5048.547524363763,10850.305243788798,11666.295390553245,10386.081458293582,9252.57618134017,9120.218722053003,7471.08127211663
Ar,7898.954656703224,-629.8937456438755,4937.682450153049,16639.185628242867,16556.669310796893,14109.379560150495,13118.806219541197,9875.956307664257,4414.193668862912,-631.9131190371262,3385.021334862199,12976.408322764139,13533.925366369152,12896.5195932307,13944.687163485098,10751.908699851176,5342.940571919833,-0.0,2698.6349361380935,10881.911590224645,14700.574551123935,16610.261697278664,16685.081939087613,16171.7200646845,15519.928631584622,13910.518745446132,13395.154944835078,13146.303303208453,10936.9088706081,12205.479757243855,9935.06367300097,11711.251511990866,13253.436954187107,10535.904640297967,5605.586399390604,-173.24146477263548,2589.7758826036325,9573.4997911277,10068.078739044398,14744.312479217524,17526.297398229388,16791.1184121566,14631.133873560095,12615.997608641272,12503.015607804036,10341.426379217226,6760.354138808224,9739.017179008164,9498.679337798218,10336.598810419107,12567.499572199551,10865.42135607052,6174.098493348231,473.951655001332,819.2229065076294,9082.296017741995,13858.641996928345,13775.420805305092,13115.997954641278,12441.248791891538,11753.972412580566,11155.537622548649,10690.73329529964,10371.996320373393,10104.646861873245,9822.818814919281,9417.193431275906,7939.814150914143,6906.035384546808,7346.616206172632,11595.322109512968,16874.284510740606,19863.578657578568,20007.880725151215,17263.244552696702,16403.647961038372,16402.703188652085,12367.482890799985,8379.357275670247,7058.487714520183,4522.218449206372,9789.997555665565,12136.826724407783,11118.975778454891,6804.319903382547,1430.7138514444541,813.8478432964497,8402.994773426653,10391.488588522901,16193.246729617476,17009.236762939337,15729.021958441273,14595.516669305369,14463.159131773764,12814.021635781817
K,5200.318656491613,-3328.5287443626116,2239.0474845229414,13940.550849437319,13857.911752388503,11410.626665172324,10420.171499533497,7177.3211097459425,1715.5960121847647,-3330.54840343277,686.3862152444067,10277.773330214857,10835.290040794656,10197.884399242408,11246.052280095246,8053.2748716169635,2644.305710420186,-2698.6349361380935,-0.0,8183.265791779677,12001.940027861297,13911.596017252434,13986.38959023457,13473.105664912095,12821.317036425547,11211.908478000092,10696.546289413538,10447.692656497971,8238.274007553548,9506.787423586007,7236.4238283362865,9012.629400775528,10554.803144022108,7837.215135617842,2906.951347164037,-2871.876117263577,-108.85914946233892,6874.865340728353,7369.444015873571,12045.677329114571,14827.662623348935,14092.480289139006,11932.484157608485,9917.36263364505,9804.357926245839,7642.78528206536,4061.728434217148,7040.38197337851,6800.044431678013,7637.964265400623,9868.729898503329,8166.860526378093,3475.4643520930554,-2224.6827386269943,-1879.41105793522,6383.77360252641,11160.09791214222,11076.786314308098,10417.42484381487,9742.66495871487,9055.381098366608,8456.90241257581,7992.01120011984,7673.361225140775,7406.011855036958,7124.183809042749,6718.558384650873,5241.200762235028,4207.400518661908,4648.00009999801,8896.688511422019,14175.652532413093,17164.945178539478,17309.24422657675,14564.613693562032,13705.014478649075,13704.068171820374,9668.871877427977,5680.7224907456675,4359.852843398466,1823.3991702439348,7091.362375397168,9438.191877463018,8420.340367629396,4105.685223637078,-1267.921622295477,-1884.7875232469573,5704.360379879417,7692.852403118769,13494.6122130849,14310.601572573963,13030.387091145234,11896.693859045485,11764.524691482871,10115.387026410774
Ca,-2982.9570662837364,-11511.805659458869,-5944.228531889466,5757.272994045099,5674.634648747831,3227.3496141701253,2236.894474446748,-1005.9552563454315,-6467.669779594913,-11513.778139325601,-7496.8906928817205,2094.4963949920175,2652.0130226319716,2014.6074878281042,3062.7749244993597,-130.00275485119383,-5538.971121827621,-10881.911590224645,-8183.265791779677,-0.0,3818.662693468502,5728.371052266132,5803.1237984548925,5289.839873132418,4638.05124464587,3028.606840857296,2513.28049763386,2264.426864718292,54.99688890449377,1323.5216318063292,-946.8482201700618,829.3395902745899,2371.5259289889705,-346.00745651449216,-5276.325643020905,-11055.153542407405,-8292.135087941626,-1308.4113284682514,-813.8333434789087,3862.400959664272,6644.384852641349,5909.2048946033165,3749.208216952301,1734.0849055304539,1621.0810708457711,-540.4913063416958,-4121.5485378539315,-1142.89501622135,-1383.2325549325749,-545.3125883461794,1685.453182887599,-16.41613988868962,-4707.8134074266445,-10407.959922151227,-10062.688166949813,-1799.5051696720627,2976.8215418293216,2893.508979868199,2234.1475108056216,1559.3878595873828,872.1035709335542,273.6254233532981,-191.17873927141028,-509.91570935659496,-777.2651586416291,-1059.0931991081518,-1464.7185855100913,-2942.0763219235287,-3975.876516122439,-3535.2768799547803,713.4119311368927,5992.3750307163355,8981.665899765057,9125.969197570852,6381.336172948221,5521.7375784946835,5520.790006265663,1485.5946828893043,-2502.5545339233654,-3823.424162464276,-6359.862895971598,-1091.913991647268,1254.9156703881165,237.06356844755882,-4077.5911332360643,-9451.197512253118,-10068.062864371557,-2478.9167906646485,-490.42453970844974,5311.335260465841,6127.324301668025,4847.110050932986,3713.604756329028,3581.247361609259,1932.109912222758
Sc,-6801.619855009266,-15330.467998389538,-9762.892103099006,1938.6112704775717,1855.9721878154076,-591.3130183758375,-1581.7677033552018,-4824.617877228135,-10286.380883047885,-15332.48866414875,-11315.553998504136,-1724.166357369078,-1166.6495129873822,-1804.055141371927,-755.8878519169009,-3948.665427532131,-9357.633914522476,-14700.574551123935,-12001.940027861297,-3818.662693468502,-0.0,1909.6968161845125,1984.433616127786,1471.1455634359716,819.3539064675745,-790.0315498612082,-1305.4196816203346,-1554.2712277538863,-3763.665578536951,-2495.1699724749883,-4765.511084846003,-2989.323101709386,-1447.137180686482,-4164.670328655954,-9094.988299596942,-14873.961878068545,-12110.799855276815,-5127.073910394631,-4632.496022979182,43.73814928514373,2825.6823882297763,2090.5422545291563,-69.45486544028239,-2084.576817946017,-2197.5813826870667,-4359.153951908553,-7940.21134350245,-4961.55773162027,-5201.895439492424,-4363.975166187078,-2133.209292575976,-3835.0785494431893,-8526.475846592972,-14226.622551665114,-13881.351083169773,-5618.167343700024,-841.8418083479199,-925.1530761176803,-1584.514750481235,-2259.2750983669634,-2946.558868723261,-3545.0371654510463,-4009.8413124205067,-4328.578416788309,-4595.928010590964,-4877.755985897781,-5283.381314167971,-6760.7388878870925,-7794.624534954296,-7354.015362087886,-3105.2506930838003,2173.7117342242072,5163.004055400732,5307.306158463759,2562.6737772306647,1703.074905907143,1702.127047513648,-2333.067910947691,-6321.217459057813,-7642.086823167339,-10178.356138278798,-4910.576580723195,-2563.7468602055824,-3581.598185230487,-7896.253691411789,-13269.859537100105,-13886.72542477554,-6297.578825927268,-4309.08601879893,1492.6726455627722,2308.662163030816,1028.4467909792108,-105.0579000784591,-237.41569621233447,-1886.5525156098047
Ti,-8711.307100028422,-17240.156004996043,-11672.57960819671,28.924065794282075,-53.714957408165155,-2501.000172114251,-3491.4553768006926,-6734.305146897376,-12196.040831861046,-17242.149202016375,-13225.214493454867,-3633.8534654754576,-3076.3365962266603,-3713.7422218916868,-2665.574869704462,-5858.352525197658,-11267.362689743568,-16610.261697278664,-13911.596017252434,-5728.371052266132,-1909.6968161845125,-0.0,74.74653205031025,-438.54157605790505,-1090.3328905241574,-2699.742866703689,-3215.0905546322733,-3463.958457603696,-5673.352893933266,-4404.857206630168,-6675.197911254873,-4898.966616476906,-3356.8238680708814,-6074.357322756476,-11004.675401836997,-16783.502934693777,-14020.47353855932,-7036.760832009956,-6542.1830741514,-1865.9490088759892,916.0359296345331,180.85508305219668,-1979.1421372640343,-3994.2639243949066,-4107.268759359939,-6268.841610359439,-9849.899066081696,-6871.2448099936355,-7111.58244563433,-6273.662087283977,-4042.8963110257805,-5744.765583616216,-10436.162792485222,-16136.30964141652,-15791.037817696362,-7527.854437294262,-2751.5279694172473,-2834.8401061050326,-3494.201799500565,-4168.962010060212,-4856.24582560709,-5454.724048396966,-5919.528361416123,-6238.265364182405,-6505.615275135753,-6787.443280923108,-7193.068673210907,-8670.426063004481,-9704.226188422086,-9263.62666178963,-5014.937957871384,264.0247069885049,3253.316756423243,3397.619102298311,652.9867377796899,-206.61225800997417,-207.55995608996727,-4242.755022678081,-8230.90439863636,-9551.773926604374,-12088.042679945458,-6820.263613140135,-4473.433882271812,-5491.285255205153,-9805.940700047317,-15179.546565129389,-15796.41232686932,-8207.265848617135,-6218.773055522431,-417.01499665283035,398.97415287988645,-881.2395273189798,-2014.7447605012196,-2147.1021438856815,-3796.2397657240545
