element,0,1,2,3,4,5,6,7,8,9,10,11,12,13,14,15,16,17,18,19,20,21,22,23,24,25,26,27,28,29,30,31,32,33,34,35,36,37,38,39,40,41,42,43,44,45,46,47,48,49,50,51,52,53,54,55,56,57,58,59,60,61,62,63,64,65,66,67,68,69,70,71,72,73,74,75,76,77,78,79,80,81,82,83,84,85,86,87,88,89,90,91,92,93,94
H,-0.0,-8070.396638687076,-4083.3820467890073,6255.671329607895,11364.288089290465,547.9042313790688,4771.575870200606,-720.8986478827721,-6179.735113541732,-10596.420885118805,-7179.677242788987,1886.9553461708585,11151.612737374062,12669.232230711334,10529.252689165245,5494.266836562862,-2244.4977855572765,-11529.916961471834,-8983.656275310097,-840.8084905687086,9677.885036944566,15615.95441250203,14840.70232334384,14061.40700399465,12768.81698774962,11306.014271886219,9253.812611629697,6457.61137467893,2054.922088282819,1425.92264559449,6206.075858128956,4085.8569543204535,6645.89588925026,6448.154458632959,-237.76413935390232,-9903.629681684826,-9144.882987669851,-1921.211308644751,8512.244785209943,18528.20730457329,18282.01038472545,17358.813914887272,15786.342709594008,12936.07968511017,9811.977601209492,4273.512409471163,-2333.2491978504595,-894.5128528500243,4477.762677775512,3692.3145424596205,6491.814120494182,8024.065191924082,2285.7201875541336,-6482.12365516135,-11707.42677704663,-2484.4580894710252,6623.084841188153,10936.150634568045,10596.571907592544,9905.88836517434,9066.560636295824,8300.641798927049,7597.25290396282,7033.231021800566,6487.017167076328,5753.903600022019,5258.977335820857,4652.058572349896,4235.168608915256,3778.750786533369,7158.788852361624,19083.10840475714,19564.65976454896,19291.581235977807,18345.555658851954,16541.70373952582,13110.984160288835,8440.839395618183,1627.5936974100662,-4349.601151967056,-1855.4123782202728,-821.0263743200903,3287.461981203124,7841.708673569768,3388.285305769774,-4118.485135800545,-11610.171282845102,-4011.4395733857677,5873.438205112904,16791.97739791964,14584.492039580611,14507.979173036412,14361.269658318606,13731.9877557327,12890.307846810267
He,8070.396638687076,-0.0,3987.0145918980684,14326.067968294972,19434.684727977543,8618.308909322837,12841.988332370182,7349.515733138159,1890.6653711558645,-2526.020360899814,890.7233419481836,9957.378369023334,19222.00937606114,20739.628869398413,18599.649327852323,13564.697242982184,5825.902710220743,-3459.5164543557285,-913.2558052217278,7229.592081973269,17748.33334672665,23686.351051189107,22911.09896203092,22131.803642681723,20839.213626436696,19376.410910573297,17324.23430368445,14528.035303549455,10125.322745189998,9496.322819731256,14276.510181547714,12156.257718630983,14716.296030175652,14518.554516782906,7832.636482726783,-1833.2292696042166,-1074.482428289533,6149.18930307453,16582.64526447928,26598.60726466512,26352.476192069935,25429.272437801435,23856.795440915426,21006.528780571876,17882.377593495872,12343.912897130933,5737.151119122733,7175.887771964119,12548.163089141606,11762.714774372565,14562.214586245354,16094.465746273934,10356.120749343983,1588.2768103580306,-3637.0262970567032,5585.942340346991,14693.485498451872,19006.551056115793,18666.97252426888,17976.288948415327,17136.961182768027,16371.042306348212,15667.653386889737,15103.631487077077,14557.417618553096,13824.304038399529,13329.377770326579,12722.459001682817,12305.569045936865,11849.15120220543,15229.189346774734,27153.50836065125,27635.131350476287,27362.048207391465,26416.018938105237,24612.103435076187,21181.38479696198,16511.239921977292,9697.994109801175,3720.7993055621982,6214.988096785596,7249.374271342528,11357.862446648833,15912.109110193807,11458.685930927713,3951.9154575735333,-3539.770856989719,4058.960772248923,13943.838686487226,24862.377903762466,22654.892723697052,22578.37973837323,22431.670180296576,21802.388221709603,20960.708292266394
Li,4083.3820467890073,-3987.0145918980684,-0.0,10339.053376396902,15447.670136079472,4631.2943174247675,8854.973740472115,3362.490233250273,-2096.3461861108026,-6513.031976525668,-3096.288285010809,5970.34419152701,15234.994784163071,16752.614277500343,14612.634735954252,9577.65550682035,1838.8911366841003,-7446.528058724584,-4900.267411453771,3242.580407141764,13761.273597183404,19699.33645929104,18924.08437013285,18144.789050783653,16852.19903453863,15389.39631867523,13337.21971178638,10541.020711651387,6138.311068842091,5509.311378390018,10289.464551344145,8169.245876532123,10729.284484942318,10531.543186616067,3845.624756541405,-5820.240800894042,-5061.494153004458,2162.1776641778315,12595.633681265264,22611.595785995753,22365.3989915576,21442.202561047237,19869.731079944406,17019.468890406984,13895.366630201235,8356.901288715575,1750.13941734804,3188.8761166684353,8561.151583113018,7775.703276752837,10575.203079113548,12107.454025437772,6369.109193148387,-2398.734784678808,-7624.0378569312315,1598.9303963403063,10706.47377800237,15019.539531343262,14679.96076127272,13989.277216910252,13149.94946816214,12384.030798632235,11680.641879646744,11116.61998020123,10570.406111937707,9837.292531922709,9342.366263876864,8735.447495157343,8318.557539222618,7862.139698036805,11242.177839913978,23166.49688184234,23648.048361223955,23374.96986800234,22428.943976071627,20625.092847303546,17194.37317445314,12524.228329332516,5710.9826222819665,-266.2123833097794,2227.976579195193,3262.3627258818283,7370.85089706969,11925.097565904562,7471.674331284977,-35.09663079949956,-7526.782406447969,71.94947622204633,9956.827109737815,20875.366271567327,18667.880882147925,18591.368229482596,18444.65867202947,17815.376741708445,16973.69681075341
Be,-6255.671329607895,-14326.067968294972,-10339.053376396902,-0.0,5108.616759682572,-5707.759058972135,-1484.0876058897438,-6976.552235156812,-12435.384969448929,-16852.065883758674,-13435.320806370537,-4368.708317616629,4895.924438492094,6413.560901103439,4273.564651731199,-761.3967469904036,-8500.16144440474,-17785.580538957212,-15239.319991155044,-7096.472055225627,3422.221398295116,9360.248801972777,8585.004095695762,7805.714641603071,6513.128228111643,5050.328106128253,2998.1490505301367,201.94775049166506,-4200.741421979326,-4829.740966759629,-49.58770054587184,-2169.806573710957,390.23222672974833,192.49078987852556,-6493.427622308571,-16159.2933003943,-15400.546644112923,-8176.874885846428,2256.5810466978223,12272.543884957062,12026.34695763833,11103.150463771584,9530.679148132154,6680.416046550358,3556.314068991965,-1982.151082163753,-8588.912860444485,-7150.176384502443,-1777.900958990971,-2563.348984615681,236.15045278180108,1768.401482542377,-3969.943360580696,-12737.78713515592,-17963.09050578718,-8740.121881477238,367.4214368661426,4680.487038435123,4340.908171878853,3650.224652397685,2810.8970353245813,2044.9781009813773,1341.5892138190225,777.5673379469222,231.3535069599585,-501.7600175554664,-996.6863339953992,-1603.6050821402698,-2020.495046021091,-2476.9128991190446,903.1251677766662,12827.444982076522,13308.99633831467,13035.91778315336,12089.892091308226,10286.040096169427,6855.320623894761,2185.1759317493143,-4628.0696446136235,-10605.264740116365,-8111.075842755565,-7076.68977364738,-2968.201681634617,1586.0449420945376,-2867.3782294142516,-10374.14857331225,-17865.834602541076,-10267.103330814818,-382.2253264218806,10536.31358797437,8328.828435861904,8252.315609340307,8105.606118668054,7476.324228004162,6634.644325640179
B,-11364.288089290465,-19434.684727977543,-15447.670136079472,-5108.616759682572,-0.0,-10816.375818654706,-6592.69639560736,-12085.168994839383,-17544.0017291315,-21960.682643441247,-18543.937566053108,-9477.306358954207,-212.6939228710084,1304.9293122956253,-835.0538212498552,-5870.015200554581,-13608.779871589144,-22894.199068584814,-20347.938424052576,-12205.090586050479,-1686.3970917609731,4251.6305780378325,3476.3859109085656,2697.096028658239,1404.5098089823293,-58.29039263571735,-2110.4693405404637,-4906.670638935765,-9309.359874601772,-9938.359445038912,-5158.206053544258,-7278.42498581921,-4718.386159921872,-4916.127649231397,-11602.046120999199,-21267.911931618055,-20509.16505520034,-13285.493268049528,-2852.0373256877974,7163.925392822027,6917.728739362599,5994.5322430612205,4422.06074531437,1571.7975442911963,-1552.3042335992575,-7090.7695341833,-13697.531307719215,-12258.794785789665,-6886.519383039998,-7671.967405082665,-4872.467964732821,-3340.2169187874792,-9078.56179966846,-17846.405594225176,-23071.70898707793,-13848.740316685205,-4741.197275002679,-428.13143637905836,-767.7102965416958,-1458.3937760562917,-2297.7214706976715,-3063.6403053267527,-3767.029191865729,-4331.051065494753,-4877.264914341198,-5610.378508703286,-6105.304740455598,-6712.223506832588,-7129.11347116693,-7585.53132737975,-4205.493230951746,7718.826533983757,8200.378117645207,7927.299568709975,6981.273661863805,5177.42166647858,1746.702277392672,-2923.4423927098014,-9736.688104093695,-15713.883197465197,-13219.6942860193,-12185.308207742413,-8076.820151323074,-3522.573440059495,-7975.996720920115,-15482.767126438592,-22974.453079415925,-15375.721682116222,-5490.843773560027,5427.695115620557,3220.209824843994,3143.6969969837514,2996.9875253351197,2367.7056454139865,1526.0257522499162
C,-547.9042313790688,-8618.308909322837,-4631.2943174247675,5707.759058972135,10816.375818654706,-0.0,4223.679423047347,-1268.8029324774784,-6727.639333417976,-11144.30682478654,-7727.581472421583,1339.0510395104304,10603.700466738306,12121.319960075572,9981.340418529484,4946.362632038572,-2792.402061150506,-12077.821352825571,-9531.560537511139,-1388.7127747723464,9129.980705964093,15068.04214186627,14292.790052708082,13513.494733358886,12220.904717113859,10758.102001250461,8705.925394361615,5909.707116295138,1507.0178533565722,878.0183617238212,5658.171655830275,3537.9527114912053,6097.991681826002,5900.250144514867,-785.6683550599926,-10451.533968238788,-9692.787252742512,-2469.115478611268,7964.34050703005,17980.303098502154,17734.105971738954,16810.909581293676,15238.438102080152,12388.175426408698,9264.073360747423,3725.608165716455,-2881.1534606788887,-1442.4170879115227,3929.8584290640533,3144.4103403109375,5943.909863106011,7476.16093110497,1737.815912253792,-7030.02795323405,-12255.331054522632,-3032.3621871344635,6075.180589767688,10388.246392866247,10048.667642896726,9357.984106207718,8518.656386539456,7752.737541072235,7049.348630826571,6485.32676283631,5939.112908609319,5205.999342683883,4711.073078953316,4104.154311704253,3687.264348271478,3230.8464727990836,6610.88459517626,18535.203958647675,19016.755334669644,18743.676883525724,17797.650991981816,15993.799410042848,12563.079743361519,7892.935192907442,1079.6894648745508,-4897.50544844339,-2403.3166441197886,-1368.9305557404412,2739.5576118187155,7293.804403492618,2840.3810282963445,-4666.389378630911,-12158.075346759888,-4559.344018948508,5325.5339507224,16244.073104044483,14036.587808976237,13960.075084102498,13813.365449999903,13184.083540677751,12342.40363123812
N,-4771.575870200606,-12841.988332370182,-8854.973740472115,1484.0876058897438,6592.69639560736,-4223.679423047347,-0.0,-5492.472599232026,-10951.305333524142,-15367.986247833887,-11951.241170445748,-2884.6206824853966,6380.021043690958,7897.640537028227,5757.660995482138,722.6908926439605,-7016.073806271867,-16301.492931537221,-13755.23235577118,-5612.384445513059,4906.309053799274,10844.362718818924,10069.110629660734,9289.81531031154,7997.225294066514,6534.4225782031135,4482.236642740627,1686.03532719227,-2716.653856504173,-3345.6533571601026,1434.4999471260535,-685.7189485269423,1874.3199115023306,1676.5784689795976,-5009.3400159637795,-14675.205715097316,-13916.459021969313,-6692.787276625186,3740.668704450458,13756.63140976419,13510.434478205632,12587.238001693258,11014.76685141754,8164.503671630933,5040.401686507954,-498.0635882517003,-7104.825208945716,-5666.0887781334,-293.81333350173537,-1079.2614454681875,1720.2381242388185,3252.4891891949196,-2485.855756897331,-11253.699531190407,-16479.002902469107,-7256.034015433591,1851.5088549243044,6164.574646190544,5824.995899555933,5134.312368666327,4294.984642140839,3529.06579926709,2825.676906251171,2261.6550240982456,1715.441170796642,982.3275451115392,487.4012542626416,-119.51747172348678,-536.40744905256,-992.8253105077404,2387.2127857576593,14311.532494352676,14793.083858023663,14520.005322782925,13573.979786277065,11770.127846392012,8339.40823364585,3669.263419125983,-3143.9820487232023,-9121.17711816342,-6626.988249411544,-5592.602180309277,-1484.1140925429866,3070.132567779656,-1383.2906591389903,-8890.060972502271,-16381.747033604124,-8783.015740723615,1101.8620634916253,12020.401276834955,9812.916068373024,9736.403209916827,9589.693730544026,8960.411821902428,8118.731919527782
O,720.8986478827721,-7349.515733138159,-3362.490233250273,6976.552235156812,12085.168994839383,1268.8029324774784,5492.472599232026,-0.0,-5458.832734292115,-9875.513648601862,-6458.768571213723,2607.8626358851775,11872.493642922986,13390.113136260252,11250.133594714163,6215.181509844027,-1523.599128187505,-10809.018387236058,-8262.757610174387,-119.90979829410148,10398.78364563982,16336.835318050948,15561.58322889276,14782.287909543567,13489.69789329854,12026.895177435139,9974.718570546294,7178.5195704112975,2775.820791477322,2146.821266776434,6926.974437150562,4806.755658216307,7366.794407620972,7169.053080457606,483.1345849194573,-9182.731045480867,-8423.984324559606,-1200.3125153612575,9233.143439153837,19249.105933036706,19002.960458931775,18079.756704663276,16507.279707777267,13656.978302397769,10532.87639213362,4994.41108989661,-1612.3505904901347,-173.61417928047837,5198.661328007689,4413.213148529643,7212.7128556240705,8744.96385880186,3006.618849591902,-5761.2250201730285,-10986.528147550638,-1763.559298080724,7343.983530851,11657.049325731894,11317.470576308322,10626.78702409081,9787.45931122856,9021.540448300279,8318.1516465613,7754.129756806357,7207.915896209688,6474.802323585888,5979.875988246739,5372.957220702635,4956.067261654797,4499.649395671852,7879.687524058544,19804.006806098383,20285.55817675908,20012.47976672565,19066.453875040912,17262.602623434494,13831.882872980259,9161.738008643626,2348.492474862008,-3628.7024584327914,-1134.513719857,-100.1276662447195,4008.3606419575426,8562.607348264646,4109.1839655450385,-3397.5864601530816,-10889.272432173137,-3290.541080097893,6594.336879399128,17512.876053776657,15305.390698315776,15228.877831318063,15082.168322701145,14452.88641331734,13611.206694242448
F,6179.735113541732,-1890.6653711558645,2096.3461861108026,12435.384969448929,17544.0017291315,6727.639333417976,10951.305333524142,5458.832734292115,-0.0,-4416.680914309746,-999.9420829234053,8066.695370177293,17331.3263772151,18848.94587055237,16708.966329006278,11674.014244136142,3935.237339490347,-5350.181933904449,-2803.921240003588,5338.926663474908,15857.65034788061,21795.668052343062,21020.415963184874,20241.12064383568,18948.53062759065,17485.72791172726,15433.55130483841,12637.352304703412,8234.66652984151,7605.670792189493,12385.827182701672,10265.606465766481,12825.654126198348,12627.923674403612,5941.971109078265,-3723.8946333592307,-2965.147830503963,4258.523843598344,14691.979904061152,24707.99911337448,24461.793193223886,23538.58943895539,21966.11244206938,19115.84578172583,15991.749017050255,10453.247578079588,3846.485734064523,5285.222282487781,10657.497719319535,9872.049405124188,12671.549216399007,14203.800371408828,8465.455356845929,-302.3885812982073,-5527.691653263147,3695.322118174059,12802.820080683428,17115.885696519563,16776.306923118296,16085.623578499453,15246.295815220163,14480.376936464032,13776.988017011778,13212.966117201026,12666.75224868262,11933.638668548037,11438.712400483924,10831.793631853074,10414.903676113052,9958.48583238821,13338.523976825463,25262.901517559054,25744.448351630246,25471.365208545427,24525.335939259196,22721.481444442994,19290.718756153965,14620.574552712551,7807.3287386446455,1830.1337488573897,4324.322753888656,5358.70890254558,9467.197057617483,14021.443748611184,9568.020522404522,2061.2499110908325,-5430.436245797861,2168.2950989916517,12053.173375049448,22971.71249870929,20764.227055094656,20687.714368492532,20541.0048103864,19911.722855302625,19070.042678580514
Ne,10596.420885118805,2526.020360899814,6513.031976525668,16852.065883758674,21960.682643441247,11144.30682478654,15367.986247833887,9875.513648601862,4416.680914309746,-0.0,3416.74507738814,12483.376284487038,21748.007291524846,23265.632692857005,21125.647243316027,16090.695158445888,8351.936686318193,-933.4961269143122,1612.7645722268717,9755.612463219313,20274.331262190357,26212.348966652808,25437.09687749462,24657.801558145427,23365.2115419004,21902.408826036997,19850.232219148154,17054.03321901316,12651.347444151257,12022.351706499237,16802.508097011418,14682.287380076226,17242.335040508093,17044.604588713362,10358.656598543514,692.7910741852418,1451.5379120573284,8675.20966843981,19108.66572169485,29124.68002768423,28878.474107533635,27955.27035326514,26382.793356379127,23532.526696035577,20408.42993136,14869.933283177974,8263.17154912444,9701.908004990702,15074.183146419591,14288.735313663521,17088.23460680061,18620.48597124457,12882.14121757404,4114.297262914542,-1111.0058677183688,8111.962718283467,17219.50586314048,21532.57158630256,21192.99248058113,20502.308920257157,19662.981168191403,18897.06230652387,18193.673399925647,17629.651515767182,17083.43765603581,16350.324082554947,15855.397819357513,15248.479054637728,14831.58910120879,14375.171254422272,17755.2095845262,29679.582431868796,30161.12926593999,29888.046122855172,28942.016853568937,27138.16235875274,23707.45131958764,19037.259806839393,12224.014601285424,6246.819542122349,8741.008497936986,9775.394517703224,13883.882950422021,18438.12964884044,13984.706267343276,6477.935826704192,-1013.7508771552607,6584.981246764873,16469.85926067834,27388.39848152406,25180.912969281402,25104.399635140828,24957.69010393053,24328.408191489554,23486.728283426928
Na,7179.677242788987,-890.7233419481836,3096.288285010809,13435.320806370537,18543.937566053108,7727.581472421583,11951.241170445748,6458.768571213723,999.9420829234053,-3416.74507738814,-0.0,9066.631207098899,18331.26221413671,19848.881707473975,17708.902165927884,12673.95008105775,4935.191608930051,-4350.239812256439,-1803.97913531713,6338.8687354989515,16857.586184802218,22795.60388926467,22020.351800106484,21241.05648075729,19948.46646451226,18485.663748648858,16433.487141760015,13637.28814162502,9234.602366763118,8605.606629111102,13385.76301962328,11265.542302688089,13825.589963119952,13627.859511325221,6941.913035906146,-2723.9525260352057,-1965.2057511177006,5258.465977490013,15691.922062435258,25707.93495029609,25461.729030145496,24538.525275876997,22966.048278990987,20115.78161864744,16991.684853971863,11453.18957739815,4846.427970419008,6285.164331731859,11657.439651344246,10871.991654565245,13671.491141084876,15203.742309739942,9465.397540148115,697.5534471219219,-4527.749578218719,4695.219006082501,13802.76215244626,18115.827908298073,17776.249095500298,17085.565493841677,16246.237725688723,15480.318855038,14776.929941575278,14212.90804205131,13666.694173755866,12933.580593756913,12438.654325797892,11831.735557232285,11414.84560152593,10958.427754661172,14338.465726458764,26262.837354480667,26744.384188551852,26471.301045467037,25525.2717761808,23721.417281364596,20290.7062421995,15620.516821783382,8807.270892397311,2830.0758419205818,5324.264819265513,6358.65082991795,10467.139273259298,15021.385975964393,10567.962700907257,3061.1921157493703,-4430.494158945893,3168.237439244487,13053.115442935055,23971.65457152531,21764.169284515472,21687.65627457052,21540.946725206984,20911.664533536725,20069.984620008716
Mg,-1886.9553461708585,-9957.378369023334,-5970.34419152701,4368.708317616629,9477.306358954207,-1339.0510395104304,2884.6206824853966,-2607.8626358851775,-8066.695370177293,-12483.376284487038,-9066.631207098899,-0.0,9264.631007037806,10782.250500375074,8642.270958828985,3607.3188739588504,-4131.453103860502,-13416.872224553688,-10870.611673789723,-2727.7638236288376,7790.929479381837,13728.972682165771,12953.720593007582,12174.425273658388,10881.83525741336,9419.032541549963,7366.855934661115,4570.6569345261205,167.96737624382865,-461.0326884325367,4319.120592642482,2198.9017218272475,4758.940429056808,4561.198999233024,-2124.7193500533854,-11790.585099302505,-11031.838351961827,-3808.1666235549287,6625.2894267708825,16641.251666586748,16395.05487662479,15471.894068778098,13899.41707189209,11049.124305835492,7925.022391535486,2386.557073601279,-4220.204646506663,-2781.468103571921,2590.807334625184,1805.3590359003497,4604.858657045432,6137.109843587837,398.76486113404025,-8369.078905372096,-13594.382250614603,-4371.41342267392,4736.129539884365,9049.195302218508,8709.616568090723,8018.93301911352,7179.6053734518955,6413.686514171222,5710.297541780375,5146.275655973516,4600.061798589554,3866.948228129048,3372.02189138431,2765.103213284784,2348.213289754332,1891.7954311127514,5271.833566874302,17196.152762320504,17677.704249579983,17404.62571245671,16458.600367383107,14654.748151824666,11224.028909033217,6553.884174534863,-259.3616184053836,-6236.556514326863,-3742.3676043553755,-2707.981555614321,1400.506565266228,5954.75332551609,1501.3299843693092,-6005.44045876623,-13497.126401822437,-5898.395071421419,3986.482793181342,14905.022023744019,12697.536838249325,12621.023802588346,12474.314482801308,11845.032545329574,11003.352614963002
Al,-11151.612737374062,-19222.00937606114,-15234.994784163071,-4895.924438492094,212.6939228710084,-10603.700466738306,-6380.021043690958,-11872.493642922986,-17331.3263772151,-21748.007291524846,-18331.26221413671,-9264.631007037806,-0.0,1517.6194933372685,-622.3598278553296,-5657.312133078956,-13396.070605206654,-22681.476316423406,-20135.24444004373,-11992.396677320348,-1473.7031873421447,4464.324321801843,3689.0798347214372,2909.790041135332,1617.2036243236735,154.40362412073043,-1897.7752884068045,-4693.976589072031,-9096.659847373588,-9725.655585025605,-4945.512068705022,-7065.7302587103495,-4505.6922513118925,-4703.433734189841,-11389.352252815035,-21055.217843294646,-20296.434997731652,-13072.799465151362,-2639.3434871691993,7376.61925634848,7130.422485392838,6207.22598554266,4634.754655194379,1784.4914981914085,-1339.610429682553,-6878.075564168266,-13484.837179047503,-12046.10104337719,-6673.825437161821,-7459.273572655296,-4659.774069191088,-3127.523010560539,-8865.867901050886,-17633.711717740098,-22859.01518130805,-13636.046308139174,-4528.503368552952,-215.4376109702938,-555.0163472780604,-1245.6998481023652,-2085.0275615381706,-2850.9463976337447,-3554.3353184984594,-4118.357195622778,-4664.571021322927,-5397.684581468165,-5892.610843935217,-6499.5295934186315,-6916.419557560346,-7372.837438554608,-3992.7993649349514,7931.520369430904,8413.071866802573,8139.993304925481,7193.967594920403,5390.1156196073935,1959.3960191265842,-2710.748525736284,-9523.994273377335,-15501.189373085139,-13007.000439982176,-11972.614346515044,-7864.1262046403135,-3309.879550289737,-7763.3027717882715,-15270.073311111608,-22761.759180468744,-15163.027782288153,-5278.149848348491,5640.389079182102,3432.903770641888,3356.3909094037754,3209.6814350501186,2580.399557607264,1738.7196634259085
Si,-12669.232230711334,-20739.628869398413,-16752.614277500343,-6413.560901103439,-1304.9293122956253,-12121.319960075572,-7897.640537028227,-13390.113136260252,-18848.94587055237,-23265.632692857005,-19848.881707473975,-10782.250500375074,-1517.6194933372685,-0.0,-2139.9795415460894,-7174.931626416225,-14913.690098543924,-24199.095809760674,-21652.867719270875,-13510.019893551726,-2991.3264848424233,2946.701221319974,2171.4565976684958,1392.1667143154461,99.58048413921013,-1363.2194884853063,-3415.3983949204126,-6211.593565848954,-10614.279340710857,-11243.275078362874,-6463.1354518354,-8583.35413431642,-6023.315586628183,-6221.056987438466,-12906.975526267579,-22572.841225405922,-21814.054491068913,-14590.422627640846,-4156.966762663251,5858.996023824829,5612.799295391842,4689.602930745489,3117.1314330179625,266.8682139841663,-2857.2336317238423,-8395.698834367233,-15002.460635349851,-13563.72431720844,-8191.44874305334,-8976.896767899836,-6177.397325028623,-4645.146320872954,-10383.491162526998,-19151.334953327463,-24376.638396335795,-15153.617313251358,-6046.126639576557,-1733.0608649456883,-2072.639597261878,-2763.3230906472263,-3602.650864989318,-4368.569705043264,-5071.958585296275,-5635.980462416735,-6182.194277044927,-6915.307840494834,-7410.234103051654,-8017.152869450613,-8434.0428299996,-8890.460690229685,-5510.422631725741,6413.897183654163,6895.448681240695,6622.370255283485,5676.344348622636,3872.4923412002877,441.7728935447147,-4228.371745504255,-11041.617499036707,-17018.812572596195,-14524.62367282226,-13490.237590265768,-9381.749464697888,-4827.502847398489,-9280.926026506246,-16787.696568853597,-24279.382425678592,-16680.651036166117,-6795.773327515003,4122.765832061515,1915.2804623947754,1838.7676331578148,1692.0581596413713,1062.7762815775732,221.09640828273567
P,-10529.252689165245,-18599.649327852323,-14612.634735954252,-4273.564651731199,835.0538212498552,-9981.340418529484,-5757.660995482138,-11250.133594714163,-16708.966329006278,-21125.647243316027,-17708.902165927884,-8642.270958828985,622.3598278553296,2139.9795415460894,-0.0,-5034.961260376745,-12773.710556997832,-22059.116268214588,-19512.884516792885,-11370.036752504639,-851.3432705206803,5086.684354423132,4311.4397364618835,3532.150036989885,2239.563452286932,776.7627475544839,-1275.4152688000745,-4071.6194886290364,-8474.305339094917,-9103.304820473917,-4323.152237801284,-6443.371164237755,-3883.3323350271603,-4081.073791944845,-10766.992268463018,-20432.85797134853,-19674.074949522823,-12450.43944717502,-2016.9835559674452,7998.979228539357,7752.782306272666,6829.585972514283,5257.11462536665,2406.8513947035344,-717.2505359662297,-6255.715748841482,-12862.477336695643,-11423.741018103547,-6051.465526909761,-6836.913558052783,-4037.4141665596585,-2505.1631007476076,-8243.507978034113,-17011.3518318669,-22236.655307852005,-13013.686385550467,-3906.143430100335,406.9223284403255,67.34325901312504,-623.3399469965611,-1462.6676442040057,-2228.5864881482125,-2931.9753704743575,-3495.9972699136447,-4042.2111175732575,-4775.324609788927,-5270.250874544539,-5877.169643457828,-6294.0596059416175,-6750.477463793658,-3370.4394355862055,8553.880334575297,9035.431686934304,8762.353325871556,7816.3275397835305,6012.475476204494,2581.755980577324,-2088.3887383054766,-8901.634224902598,-14878.829411350203,-12384.640546600314,-11350.254440568735,-7241.766209062329,-2687.519630452045,-7140.942847452372,-14647.713227306798,-22139.399261647508,-14540.667860875488,-4655.789934911635,6262.748996499979,4055.263669050698,3978.7509424857344,3832.0414573667035,3202.7595688256447,2361.0796666287374
S,-5494.266836562862,-13564.697242982184,-9577.65550682035,761.3967469904036,5870.015200554581,-4946.362632038572,-722.6908926439605,-6215.181509844027,-11674.014244136142,-16090.695158445888,-12673.95008105775,-3607.3188739588504,5657.312133078956,7174.931626416225,5034.961260376745,-0.0,-7738.758472127698,-17024.16418334445,-14477.923157934947,-6335.075318109753,4183.618156313669,10121.65380820692,9346.401719048734,8567.10639969954,7274.516383454511,5811.713667591113,3759.5370607022655,963.3380605672701,-3439.3477142946317,-4068.3434519466487,711.8091036085038,-1408.4120012032145,1151.6290253025054,953.8875763356124,-5732.030887391051,-15397.896591727198,-14639.12286465269,-7415.478143633523,3017.977841982752,13033.940476960814,12787.743484736973,11864.575194819248,10292.09819793324,7441.812850285399,4317.7108343153905,-1220.7543355922633,-7827.516089888821,-6388.779638105509,-1016.5042203643205,-1801.952295457783,997.5471875706717,2529.7982313444763,-3208.546645129317,-11976.39044629746,-17201.693824276197,-7978.725401542439,1128.8178954480338,5441.883789333805,5102.3050225856805,4411.621491190135,3572.293759171009,2806.3749316890635,2102.9859626188895,1538.9640903648715,992.7502372195963,259.636689135415,-235.28958791830905,-842.208346282436,-1259.0982980034091,-1715.5161554008666,1664.5219272887969,13588.841415863304,14070.392854386057,13797.314343609794,12851.288870075532,11047.436696520099,7616.717430861168,2946.5725651779353,-3866.67298934554,-9843.868061035399,-7349.679167425106,-6315.293066382901,-2206.804933504015,2347.441690755604,-2105.9815034615954,-9612.751856527104,-17104.437931461867,-9505.706591310896,379.17168024749765,11297.71040175891,9090.225184413686,9013.712321833891,8867.00284568826,8237.720940018678,7396.041035971252
Cl,2244.4977855572765,-5825.902710220743,-1838.8911366841003,8500.16144440474,13608.779871589144,2792.402061150506,7016.073806271867,1523.599128187505,-3935.237339490347,-8351.936686318193,-4935.191608930051,4131.453103860502,13396.070605206654,14913.690098543924,12773.710556997832,7738.758472127698,-0.0,-9285.418416877013,-6739.158528574719,1403.6893152294545,11922.394575872166,17860.412280334618,17085.158268804407,16305.864871827238,15013.274855582209,13550.47213971881,11498.295532829961,8702.096532694968,4299.411274527562,3670.415020181049,8450.571410693228,6330.350693758036,8890.398354189903,8692.667902395167,2006.7337271729073,-7659.131957583579,-6900.364392524994,323.2865799242924,10756.7425605767,20772.743341366033,20526.537421215442,19603.333666946946,18030.856670060937,15180.59000971739,12056.493245041811,6518.010252570913,-88.75152889983629,1349.9849760626585,6722.260378919806,5936.812280135351,8736.31187602209,10268.562895301506,4530.2180551129695,-4237.625845746095,-9462.929074806523,-239.96022008757723,8867.582697313506,13180.648401703631,12841.069636424632,12150.38605309332,11311.05847414262,10545.139596105217,9841.750676651205,9277.728776840104,8731.514908319774,7998.401328175106,7503.475060104662,6896.556291462038,6479.66633571545,6023.24849198242,9403.286627052126,21327.645745550613,21809.192579621802,21536.109436536986,20590.080167250744,18786.225672434546,15355.514633269446,10685.33727993682,3872.091668861118,-2105.103408870699,389.08532569794323,1423.4714010640475,5531.959758486556,10086.206433984087,5632.783197660574,-1873.9873434056433,-9365.673357056201,-1766.9416181822035,8117.935993394219,19036.475146484365,16828.98975852656,16752.477028130805,16605.767470032206,15976.485313342671,15134.805399813726
Ar,11529.916961471834,3459.5164543557285,7446.528058724584,17785.580538957212,22894.199068584814,12077.821352825571,16301.492931537221,10809.018387236058,5350.181933904449,933.4961269143122,4350.239812256439,13416.872224553688,22681.476316423406,24199.095809760674,22059.116268214588,17024.16418334445,9285.418416877013,-0.0,2546.2607279853046,10689.116102268481,21207.800287088918,27145.81799155137,26370.56590239318,25591.270583043988,24298.68056679896,22835.877850935565,20783.70124404671,17987.50224391172,13584.81646904982,12955.820731397802,17735.97712190998,15615.756404974789,18175.804065406654,17978.07361361192,11292.159443341774,1626.2872252701966,2385.0413186917576,9608.739779866904,20042.195313357042,30058.149052582783,29811.943132432192,28888.739378163693,27316.262381277684,24465.99572093414,21341.898956258563,15803.439189662222,9196.683658950222,10635.419603175236,16007.704522500888,15222.258233245348,18021.765815810206,19554.031621933787,13815.636968473538,5047.793431894287,-177.5097495658185,9045.478496509317,18153.00195996723,22466.067502915834,22126.547656961153,21435.855089949706,20596.521445872782,19830.597852092782,19127.204901201996,18563.179299087846,18016.96270452854,17283.848067545303,16788.920801409713,16182.001789898068,15765.111746471503,15308.69451637044,18688.729627427394,30613.051456767364,31094.598290838552,30821.515147753737,29875.485878467498,28071.6313836513,24640.9203444862,19970.782902478462,13157.51072950505,7180.31570152062,9674.504429931065,10708.890450113937,14817.378869022845,19371.625566982482,14918.2024646605,7411.431936838739,-80.25440561286723,7518.513017443229,17403.355350711394,28321.894274657356,26114.40856222011,26037.96854100227,25891.246805935298,25261.956136137804,24420.270355545243
K,8983.656275310097,913.2558052217278,4900.267411453771,15239.319991155044,20347.938424052576,9531.560537511139,13755.23235577118,8262.757610174387,2803.921240003588,-1612.7645722268717,1803.97913531713,10870.611673789723,20135.24444004373,21652.867719270875,19512.884516792885,14477.923157934947,6739.158528574719,-2546.2607279853046,-0.0,8142.840649430278,18661.524834250715,24599.54253871317,23824.290449554985,23044.99513020579,21752.405113960758,20289.602398097362,18237.46902599571,15441.267699682037,11038.578433817302,10409.578928762558,15189.70166907178,13069.480952136588,15629.52861256845,15431.798160773718,8745.883990503577,-919.9735240962317,-161.2266418458072,7062.464327028702,17495.919860518843,27511.873599744584,27265.667679593993,26342.463925325494,24769.986928439488,21919.720268095938,18795.623503420364,13257.163736824023,6650.408206112022,8089.144150337036,13461.429069662685,12675.982780407146,15475.490362972007,17007.75616909559,11269.376479776169,2501.53237959273,-2723.770540169325,6499.201685200092,15606.74119239981,19919.806346874288,19580.272204122957,18889.579637111507,18050.24599303458,17284.322399254583,16580.9294483638,16016.903846249645,15470.687251690344,14737.572614707105,14242.64534857151,13635.726337059867,13218.836293633298,12762.419063532237,16142.454174589191,28066.776003929157,28548.322838000353,28275.23969491553,27329.2104256293,25525.355930813093,22094.644891648,17424.50744964026,10611.249974791828,4634.054947402154,7128.2437920206885,8162.629866337389,12271.118049037601,16825.36456386318,12371.941428285509,4865.171120807904,-2626.5149652352584,4972.237564605028,14857.094594227176,25775.633641435576,23568.147687015302,23491.693088164062,23344.9713530971,22715.680683299608,21873.994902707036
Ca,840.8084905687086,-7229.592081973269,-3242.580407141764,7096.472055225627,12205.090586050479,1388.7127747723464,5612.384445513059,119.90979829410148,-5338.926663474908,-9755.612463219313,-6338.8687354989515,2727.7638236288376,11992.396677320348,13510.019893551726,11370.036752504639,6335.075318109753,-1403.6893152294545,-10689.116102268481,-8142.840649430278,-0.0,10518.684184820437,16456.701889282893,15681.449800124705,14902.154480775513,13609.564464530482,12146.800213049019,10094.62115639251,7298.41987112377,2895.730676949409,2266.7311252103455,7046.884438269172,4926.665720151093,7486.687963138174,7288.957511343442,603.0432402645869,-9062.821332006537,-8304.07478357672,-1080.4027912538813,9353.079211088567,19369.032950314308,19122.827030163717,18199.623275895217,16627.146279009212,13776.87961866566,10652.782853990084,5114.323087393745,-1492.4395526716426,-53.704399171194574,5318.571115877641,4533.1230596425885,7332.622468225046,8864.873383229737,3126.5285999815474,-5641.315118005451,-10866.618568445669,-1643.6376057591622,7463.893348843125,11776.958973674062,11437.380158863041,10746.696584345918,9907.368818115823,9141.450110635275,8438.061295899388,7874.039365408669,7327.825499501159,6594.711941427832,6099.785739261304,5492.866928453114,5075.976968887418,4619.559093342722,7999.613525158912,19923.935354498884,20405.482188570073,20132.399045485257,19186.369776199022,17382.515281382817,13951.804242217719,9281.647914299188,2468.4021934328935,-3508.792695193265,-1014.603958451714,19.78206843120824,4128.270340062718,8682.517042044286,4229.093798030104,-3277.676562339518,-10769.362680068387,-3170.631163794621,6714.246690913197,17632.785840601224,15425.300356646427,15348.78736020199,15202.07769467275,14572.795781343368,13731.115892013266
Sc,-9677.885036944566,-17748.33334672665,-13761.273597183404,-3422.221398295116,1686.3970917609731,-9129.980705964093,-4906.309053799274,-10398.78364563982,-15857.65034788061,-20274.331262190357,-16857.586184802218,-7790.929479381837,1473.7031873421447,2991.3264848424233,851.3432705206803,-4183.618156313669,-11922.394575872166,-21207.800287088918,-18661.524834250715,-10518.684184820437,-0.0,5938.018079641026,5162.78302360568,4383.493214828012,3090.906980571916,1628.1068298504927,-424.0722424669618,-3220.2735212194048,-7622.9838180391,-8251.979555691116,-3471.823165178938,-5592.043882114127,-3031.9962216822632,-3229.7301699274453,-9915.64084374714,-19581.512806268573,-18822.75896839716,-11599.096225568828,-1165.6402348250078,8850.322185192515,8604.142845343282,7680.939091074781,6108.4620941887715,3258.1942164691604,134.09273583510964,-5404.372461396614,-12011.132639607804,-10572.39664939603,-5200.122305338244,-5985.570549967977,-3186.0708533160314,-1653.8198287888742,-7392.164679177263,-16160.008627545712,-21385.312107437814,-12162.3217905796,-3054.8001372773097,1258.265570430124,918.6868382019487,228.0033148164733,-611.3243934288564,-1377.2432150001202,-2080.632111367506,-2644.653953421298,-3190.8678082972797,-3923.981378348476,-4418.907647505315,-5025.8264379574,-5442.716385867383,-5899.134262836563,-2519.0961448040307,9405.223323887583,9886.775040992063,9613.714860664819,8667.685591378584,6863.819151856795,3433.099199869679,-1237.0453713881182,-8050.2912152973895,-14027.485998464044,-11533.297293014877,-10498.911124859414,-6390.422957708099,-1836.1763629935572,-6289.599513464297,-13796.3699861237,-21288.055994567127,-13689.287269645685,-3804.4468146442373,7114.092279550356,4906.607055686476,4830.094198218579,4683.384709125051,4054.102826732963,3212.422923922722
Ti,-15615.95441250203,-23686.351051189107,-19699.33645929104,-9360.248801972777,-4251.6305780378325,-15068.04214186627,-10844.362718818924,-16336.835318050948,-21795.668052343062,-26212.348966652808,-22795.60388926467,-13728.972682165771,-4464.324321801843,-2946.701221319974,-5086.684354423132,-10121.65380820692,-17860.412280334618,-27145.81799155137,-24599.54253871317,-16456.701889282893,-5938.018079641026,-0.0,-775.2445864853592,-1554.5344487530892,-2847.120701450173,-4309.920889419817,-6362.116747504655,-9158.315747639648,-13561.00152250155,-14189.99726015357,-9409.838852164474,-11530.061586576581,-8970.013926144717,-9167.744377939449,-15853.658548209592,-25519.540162394824,-24760.77667285961,-17537.123821872523,-7103.667857829891,2912.29482942438,2666.098098954374,1742.90168968798,170.43026526371384,-2679.8328747566698,-5803.934826864653,-11342.398587021666,-17949.159943725794,-16510.398388376132,-11138.149980253147,-11923.597739819763,-9124.098519115183,-7591.8474395517815,-13330.192364875871,-22098.03618705423,-27323.339962060305,-18100.33949504205,-8992.827796875526,-4679.76205883951,-5019.340785056603,-5710.024303905781,-6549.351986725248,-7315.270827143041,-8018.659714681164,-8582.681618770608,-9128.895541351734,-9862.009095518953,-10356.93535098194,-10963.854112228302,-11380.744068068554,-11837.161927439087,-8457.123847229886,3467.1959887519574,3948.747541189881,3675.6690225384355,2729.6432766795238,925.791276344041,-2504.9282267142667,-7175.072850000389,-13988.31842347046,-19965.51362529593,-17471.324920101146,-16436.938840619077,-12328.450680913054,-7774.203960397344,-12227.62719856996,-19734.397564682542,-27226.08356257188,-19627.30497410814,-9742.474483796215,1176.064545454423,-1031.4206438486165,-1107.9334791203494,-1254.642955217163,-1883.924814007563,-2725.604749413126
