element,0,1,2,3,4,5,6,7,8,9,10,11,12,13,14,15,16,17,18,19,20,21,22,23,24,25,26,27,28,29,30,31,32,33,34,35,36,37,38,39,40,41,42,43,44,45,46,47,48,49,50,51,52,53,54,55,56,57,58,59,60,61,62,63,64,65,66,67,68,69,70,71,72,73,74,75,76,77,78,79,80,81,82,83,84,85,86,87,88,89,90,91,92,93,94
H,-0.0,-0.25807028970828766,-0.13057593510991253,0.2000400952553896,0.3634003693787162,0.017520551969722784,0.15258258327537103,-0.02305246337182332,-0.19761185261046132,-0.3388459737634951,-0.22958740059645755,0.06033992313569082,0.3565995648903996,0.40512908826413685,0.33669810959213287,0.17569236032952723,-0.07177320021567234,-0.3686967498345418,-0.28727395708101433,-0.026886868200514506,0.30947358687120263,0.4993575978641653,0.47456705283854217,0.4496472158297039,0.4083135497286704,0.3615369242950099,0.2959128539161854,0.20649761255823987,0.06571106259002658,0.0455972967284101,0.19845416109802316,0.13065507621440048,0.21251846151999704,0.2061952049848585,-0.007603078643144053,-0.3166923133448114,-0.292429567917778,-0.061435339700162406,0.2721994439847467,0.5924838692493716,0.5846111322235547,0.5550897107748604,0.5048061723471887,0.4136621756633988,0.31376151824023707,0.13665580949235775,-0.0746112394977475,-0.02860419399663457,0.14318720172426103,0.11807061366709923,0.20759132739240907,0.2565887305701144,0.07309138539318934,-0.20728145152040248,-0.37437305195231546,-0.07944650648821068,0.21178902354495158,0.3497096473582483,0.3388508030693267,0.31676454016693606,0.28992502287313476,0.26543293095967574,0.24294038393530273,0.2249044314229233,0.20743793330117835,0.18399486859084702,0.16816841419152354,0.14876073100932155,0.13542967450036195,0.1208346198923295,0.2289194442108583,0.6102281628814117,0.625626922631975,0.6168945816905592,0.5866431447797661,0.528960653044505,0.41925516577298744,0.2699160853837156,0.05204621232672545,-0.13908892953571772,-0.0593312610783336,-0.02625428758522588,0.10512448196500192,0.2507574435059449,0.10834854959701126,-0.13169844057729402,-0.37126307425382227,-0.12827540196579124,0.18781727429741324,0.5369637535635587,0.4663741144840556,0.4639274320569717,0.45923604343491925,0.43911324524058576,0.4121985113480773
He,0.25807028970828766,-0.0,0.12749435459837513,0.4581103849636773,0.6214706590870039,0.2755910987525257,0.41065337897746496,0.2350183936901451,0.06045856008323758,-0.08077555980600484,0.028483015296246698,0.3184110565409507,0.6146698545986875,0.6631993779724247,0.5947683993004206,0.4337637298420468,0.18629721283234965,-0.11062633642395735,-0.02920354485448052,0.23118354730221918,0.5675455288866885,0.757427887572453,0.73263734254683,0.7077175055379915,0.6663838394369581,0.6196072140032977,0.5539839447659961,0.4645687749356,0.3237814807905399,0.30366769949118155,0.4565256558659948,0.3887254978493936,0.47058886322075516,0.46426560403867323,0.2504673384437086,-0.058621902973214825,-0.03435915283591999,0.1966350770553595,0.530269856504864,0.8505542651675427,0.8426836337655669,0.813161979379741,0.7628782557520001,0.671734142802875,0.5718319151879063,0.39472622228077925,0.18345916783256125,0.22946622317762697,0.40125761207300925,0.3761410182774026,0.4656617394802506,0.5146591454911112,0.33116180055209793,0.05078896056002696,-0.11630263940915557,0.17862390445058202,0.4698594417568661,0.6077800580325793,0.5969212199833623,0.5748349560117962,0.5479954375422249,0.5235033443800152,0.5010107965723799,0.4829748434955864,0.46550834493256155,0.44206527980335003,0.42623882528021684,0.4068311419326021,0.3935000856695068,0.3789050303787713,0.4869898572152341,0.8682985586653508,0.8836996089580337,0.8749671204564754,0.8447155654799985,0.7870310405033285,0.677325583326469,0.5279864994096413,0.31011662270825097,0.11898148228920825,0.19873915130544906,0.23181613025571568,0.36319489404307553,0.5088278546623766,0.36641896678226654,0.12637197559159605,-0.11319266344174429,0.1297950062810377,0.4458876868848425,0.7950341669334271,0.7244445335546503,0.721997847329303,0.7173064573207475,0.6971836573356456,0.6702689227869361
Li,0.13057593510991253,-0.12749435459837513,-0.0,0.33061603036530207,0.4939763044886288,0.14809674415415053,0.28315902437908985,0.10752369028263228,-0.06703569747551981,-0.20826981923093724,-0.09901124449108996,0.19091607564609442,0.48717550000031223,0.5357050233740495,0.4672740447020454,0.3062685072407311,0.05880295475332077,-0.2381205954889202,-0.15669780397902328,0.1036892859840441,0.4400497302642963,0.629933532974078,0.6051429879484548,0.5802231509396163,0.538889484838583,0.49211285940492255,0.4264895901676209,0.33707442033722484,0.19628721942387428,0.1761734456394178,0.3290303087433546,0.2612312311824436,0.3430946060467924,0.33677135374197753,0.12297307548337029,-0.18611615970130038,-0.16185341574923706,0.06914081688628607,0.4027755981163779,0.7230600101221225,0.7151872771065811,0.6856658569154881,0.635382309668144,0.5442383396837684,0.44433767662282925,0.2672319630864198,0.05596490565281314,0.10197196248415666,0.2737633561527123,0.2486467626259991,0.3381674835246756,0.38716488270182686,0.2036675430275906,-0.07670529820652226,-0.24379689705130558,0.05112963452488494,0.34236517897994617,0.48028580151289985,0.46942695584591093,0.4473406928813478,0.42050117495216854,0.39600908840575993,0.37351654061324946,0.3554805875481964,0.3380140889935003,0.3145710238687198,0.2987445693464534,0.2793368859964161,0.26600582972728426,0.2514107745179512,0.3594956012683266,0.7408043036154683,0.756203067190202,0.7474707273791726,0.7172192804017391,0.6595368139464679,0.5498313236814366,0.40049224071958406,0.18262236737983586,-0.008512779477944609,0.07124489501543538,0.1043218730744824,0.23570063673014516,0.3813335975186033,0.23892470786843267,-0.0011222989505612646,-0.24068692075080883,0.0023007570760492104,0.3183934287030776,0.6675399069786521,0.5969502669052794,0.5945035913174853,0.5898122013288686,0.5696894022476382,0.5427746676505844
Be,-0.2000400952553896,-0.4581103849636773,-0.33061603036530207,-0.0,0.1633602741233267,-0.1825192862111516,-0.047457260844958056,-0.22309199127353216,-0.3976512611927655,-0.5388852270230261,-0.4296266079665568,-0.13969992698670444,0.15655892700177007,0.20508899300874728,0.13665748006392767,-0.024347487227186354,-0.2718130501800985,-0.5687365971972201,-0.48731380886807174,-0.22692671515297205,0.10943373755265642,0.2993164063940911,0.27452609745380163,0.24960644800060802,0.20827289710626223,0.16149635461813666,0.09587300707748288,0.00645776370215672,-0.13432878262302764,-0.15444255174927987,-0.0015856856631426787,-0.0693847695668686,0.012478611438116358,0.00615535470363322,-0.2076429229829762,-0.516732162025729,-0.492469417805318,-0.2614751870537687,0.07215959147285209,0.3924440269349379,0.38457128967022136,0.3550498674531559,0.304766325496901,0.21362232634771897,0.1137216723251069,-0.0633840351250461,-0.274651089581979,-0.22864403989369408,-0.05685264753407283,-0.08196923208359598,0.007551477144505903,0.05654887898973464,-0.1269484610309348,-0.4073212957655784,-0.5744129041517406,-0.2794863607107072,0.011749181719587271,0.14966979939927003,0.13881095064691854,0.11672468847799468,0.08988517475943959,0.0653930797449906,0.04290053297010123,0.02486458065886456,0.007398083296175882,-0.016044980053872615,-0.031871436123656074,-0.05127911881576957,-0.06461017533899688,-0.07920523092924922,0.028879593423414056,0.4101883204689869,0.4255870801059129,0.4168547383142132,0.3866032977349959,0.328920803575443,0.2192153197243021,0.0698762416541977,-0.14799362750650064,-0.3391287772394008,-0.259371104829162,-0.226294129250872,-0.09491536812702293,0.05071759121907173,-0.09169129641297985,-0.3317382834639784,-0.571302913373066,-0.32831525508260007,-0.012222571595884643,0.33692389876741785,0.2663342662825037,0.2638875851352384,0.2591961972821002,0.23907339946900177,0.21215866578621545
B,-0.3634003693787162,-0.6214706590870039,-0.4939763044886288,-0.1633602741233267,-0.0,-0.3458795603344783,-0.21081728010953898,-0.38645226539685884,-0.5610115353160923,-0.7022455011463529,-0.5929868820898834,-0.30305960254605324,-0.006801398339133311,0.04172824468857266,-0.026702848846227416,-0.18770781551644022,-0.43517337762579583,-0.7320969279187844,-0.6506741364964601,-0.3902870459128213,-0.053926591903513885,0.13595608544778265,0.1111657777593364,0.08624611461477542,0.044912569918145726,-0.0018639751164890297,-0.067487319213389,-0.15690256253617085,-0.29768911088216743,-0.3178028808288585,-0.16494601073656417,-0.23274509653046987,-0.150881714711448,-0.15720497312341122,-0.3710032527152566,-0.680092495996074,-0.6558297447362756,-0.42483551306108097,-0.09120073422052272,0.22908369741228835,0.22121096890487987,0.19168954660996124,0.1414059988303848,0.05026199650132616,-0.04963865113642464,-0.22674436336490672,-0.4380114176701127,-0.39200436651126697,-0.22021297487950897,-0.24532955931448774,-0.155808849991977,-0.10681144762920154,-0.2903087888572706,-0.5706816242308703,-0.7377732333276182,-0.44284668841297725,-0.15161115482957718,-0.01369052956950373,-0.02454937811740345,-0.046635639008300325,-0.07347515520728709,-0.09796724703313783,-0.12045979378809318,-0.1384957460276021,-0.15596224396139055,-0.1794053095449536,-0.1952317629066473,-0.21463944618177652,-0.22797050271950625,-0.24256555840936392,-0.13448073311233472,0.24682799235469455,0.2622267592640261,0.25349441767142017,0.22324297021702907,0.16556047604959612,0.05585499485861529,-0.09348408250661218,-0.31135395598492943,-0.5024891056496781,-0.4227314327890345,-0.3896544569175533,-0.25827569693188934,-0.1126427347866715,-0.25505162591551017,-0.4950986149369713,-0.7346632424077346,-0.4916755801017565,-0.1755828996796508,0.1735635698773203,0.102973932958289,0.10052725176821735,0.0958358645234051,0.0757130670538321,0.048798333665235075
C,-0.017520551969722784,-0.2755910987525257,-0.14809674415415053,0.1825192862111516,0.3458795603344783,-0.0,0.13506228022493932,-0.04057301704324375,-0.21513240421235366,-0.35636594081187456,-0.24710795251033266,0.04281936875866601,0.3390787558461618,0.3876082792198988,0.31917730054789484,0.1581718092185504,-0.08929375359924896,-0.38621730691983835,-0.3047945100363436,-0.044407421859429586,0.29195303171648607,0.4818367888199273,0.45704624379430425,0.4321264067854658,0.39079274068443237,0.34401611525077197,0.2783928460134705,0.1889770597249763,0.04819051050687428,0.0280767430801425,0.18093361005821554,0.11313452387853075,0.19499791031628677,0.18867465036935702,-0.025123630111685752,-0.3342128670788837,-0.30995012096493424,-0.07895588970607155,0.2546788905184553,0.5749633180889306,0.5670905744464988,0.5375691555365828,0.48728560834965395,0.3961416228199766,0.2962409659800636,0.11913525712689424,-0.09213179247313903,-0.04612474608411187,0.1256666492002935,0.10055006263208814,0.19007077459098282,0.2390681776589756,0.055570832018978514,-0.22480200562281408,-0.39189360539609824,-0.09696705418205545,0.19426847093435706,0.33218909505843147,0.32133025003422094,0.2992439873150351,0.27240447031575377,0.2479123781433275,0.22541983063029394,0.207383878571098,0.1899173804652537,0.16647431579102076,0.15064786140674571,0.13124017810372984,0.11790912159482989,0.10331406528910113,0.21139889141591733,0.5927076040451695,0.6081063643147306,0.5993740258492365,0.5691225788841718,0.5114400979376746,0.4017346078699144,0.25239553433073136,0.03452566032002251,-0.1566094835870817,-0.07685181415193047,-0.043774837957398824,0.08760392558222739,0.2332368902987582,0.09082799615331075,-0.14921899291319948,-0.38878362086847296,-0.14579596078455062,0.1702967215918446,0.5194431995953737,0.4488535625391055,0.44640688464227435,0.441715492202607,0.4215926937928659,0.39467795988381876
N,-0.15258258327537103,-0.41065337897746496,-0.28315902437908985,0.047457260844958056,0.21081728010953898,-0.13506228022493932,-0.0,-0.17563498528731994,-0.35019425520655323,-0.4914282210368139,-0.38216960198034444,-0.09224266520667966,0.20401647562122247,0.25254599899495955,0.18411502032295557,0.023109774696836873,-0.22435578830408906,-0.5212793363033288,-0.43985654707996846,-0.17946945418577004,0.15689099998415434,0.34677450859498804,0.32198396356936493,0.29706412656052655,0.2557304604594931,0.20895383502583265,0.14333026748501398,0.053915023613722045,-0.08687152307042303,-0.1069852907856926,0.045871576517900844,-0.021927508104929966,0.059935874805542376,0.053612617889699093,-0.1601856621234669,-0.4692749018392739,-0.4450121564406036,-0.214017926102278,0.11961685397625049,0.4399012851870849,0.4320285477867897,0.40250712612467193,0.3522235894563184,0.2610795878063499,0.161178933541842,-0.015926777860843313,-0.22719382727856297,-0.1811867790334093,-0.009395386062374007,-0.03451197337288147,0.055008740086134794,0.10400614305682487,-0.07949120025653099,-0.3598640349821522,-0.5269556433890179,-0.23202909154670412,0.05920643655817997,0.19712706030388755,0.18626821538631877,0.16418195285258272,0.13734243563402515,0.11285034354453137,0.09035779658246025,0.07232184407037913,0.054855345994126316,0.031412279408934714,0.015585824157485982,-0.0038218578260485747,-0.017152914779316,-0.03174797063681072,0.0763368546550188,0.4576455783204259,0.4730443381950347,0.4643119970403431,0.4340605614284717,0.37637806903578985,0.26667258069273597,0.11733349870941592,-0.1005363669812949,-0.2916715158807834,-0.21191384438538352,-0.17883686880728278,-0.04745810781922484,0.09817485269703437,-0.044234036706880295,-0.284281022781458,-0.5238456537097622,-0.28085799474283824,0.03523468234271518,0.38438116226556757,0.31379152797874404,0.31134484581029337,0.3066534583184823,0.28653065993050353,0.2596159262473763
O,0.02305246337182332,-0.2350183936901451,-0.10752369028263228,0.22309199127353216,0.38645226539685884,0.04057301704324375,0.17563498528731994,-0.0,-0.17455926991923326,-0.315793235749494,-0.2065346166930245,0.08339266285080565,0.37965146090854246,0.42818098428227946,0.3597500056102755,0.19874533615190174,-0.048720736540479447,-0.3456442888177578,-0.26422149315748694,-0.0038344034091557845,0.33252604898991106,0.5224094938823078,0.49761894885668484,0.4726991118478465,0.43136544574681307,0.38458882031315256,0.31896555107585106,0.22955038124545493,0.08876352773057516,0.0686497592464104,0.22150662226784557,0.15370754137737644,0.2355709207503616,0.22924766752341075,0.01544938717145153,-0.29363985034644613,-0.2693771040590197,-0.03838287167880227,0.29525190755038894,0.6155363320002144,0.6076652400754218,0.5781435856895959,0.527859862061855,0.43671463805686805,0.3368139861861508,0.15970827390481118,-0.05155877742172664,-0.005551729803415046,0.1662396651712122,0.14112307570185958,0.2306437935541682,0.2796411945493486,0.09614384921765262,-0.18422898856091013,-0.3513205891684535,-0.056394038527389896,0.234841488252793,0.37276211211408783,0.36190326710733534,0.33981700389158837,0.31297748710994555,0.28848539437916,0.265992850335888,0.24795689758071413,0.2304903992711841,0.20704733438275494,0.1912208777086237,0.17181319439617318,0.15848213802749211,0.14388708202521125,0.25197190834419614,0.6332806183694784,0.6486793784675999,0.6399470413167122,0.6096955943471443,0.5520131239638226,0.44230763121722283,0.29296854764089225,0.07509867984183374,-0.11603646470407844,-0.03627879737137114,-0.003201822288599839,0.128176945748427,0.2738099077351496,0.13140101334912557,-0.10864597631762808,-0.3482106043973281,-0.10522294353751055,0.21086973851355026,0.5600162171903778,0.4894265782029102,0.48697989576132406,0.4822885073343622,0.4621657089226496,0.4352509811009716
F,0.19761185261046132,-0.06045856008323758,0.06703569747551981,0.3976512611927655,0.5610115353160923,0.21513240421235366,0.35019425520655323,0.17455926991923326,-0.0,-0.14123396583026068,-0.031975546504680014,0.2579519327700389,0.5542107308277757,0.6027402542015128,0.5343092755295088,0.373304606071135,0.12583865276271747,-0.17108489997331647,-0.08966210697231193,0.17072498570509173,0.5070864051157767,0.6969687638015412,0.6721782187759181,0.6472583817670797,0.6059247156660462,0.559148090232386,0.4935248209950843,0.4041096511646882,0.2633232134862038,0.24320956610201008,0.3960665320950831,0.32826738923238563,0.41013105355683904,0.40380814809588517,0.19000877828076246,-0.11908046281979247,-0.09481771391232971,0.1361765141478678,0.46981129676499134,0.79009753482674,0.7822245099946549,0.7527028556088292,0.7024191319810882,0.6112750190319632,0.5113745317037826,0.3342676638637087,0.12300060730476285,0.16900765931080847,0.3407990520324229,0.31568245825516145,0.40520317943888795,0.4542005852892617,0.27070323978639266,-0.009669600178759234,-0.17676119901434956,0.11816678811436543,0.4094008801830795,0.5473214983189887,0.536462652545492,0.5143763959682104,0.48753687757436176,0.4630447843374427,0.4405522365300064,0.4225162834532739,0.40504978489042737,0.3816067197618229,0.3657802652389723,0.34637258189177045,0.33304152562886474,0.31844647033834017,0.4265312971705802,0.807841870157331,0.823240485187122,0.8145079966855637,0.7842564417090867,0.7265738676163533,0.6168670018294977,0.4675279393868769,0.24965806262499213,0.05852291627259813,0.13828059212585836,0.1713575702479101,0.3027363333882264,0.4483692948852663,0.305960405504119,0.06591340990186235,-0.1736512240894558,0.06933643653738304,0.3854291287112339,0.7345756057662417,0.6639859639598464,0.661539287286842,0.6568478972773437,0.6367250974042651,0.6098103549482196
Ne,0.3388459737634951,0.08077555980600484,0.20826981923093724,0.5388852270230261,0.7022455011463529,0.35636594081187456,0.4914282210368139,0.315793235749494,0.14123396583026068,-0.0,0.1092586190564695,0.39918589860029957,0.6954446966580363,0.7439744089540806,0.6755432413597695,0.5145385719013957,0.26707320801695555,-0.02985077768786502,0.051572015480711435,0.31195910775884356,0.6483203709460374,0.8382027296318018,0.8134121846061788,0.7884923475973404,0.7471586814963069,0.7003820560626465,0.634758786825345,0.5453436169949489,0.4045571793164645,0.3844435319322707,0.5373004979253437,0.4695013550626463,0.5513650193870997,0.545042113926146,0.331242890412594,0.022153656285645366,0.0464164063128549,0.2774106370041583,0.6110454193907963,0.9313315006570008,0.9234584758249157,0.8939368214390899,0.8436530978113489,0.7525089848622238,0.6526084975340432,0.475501782890927,0.26423472984826485,0.31024177889457855,0.4820331621699778,0.45691658378789207,0.5464372884029219,0.5954347009504545,0.41193736379024476,0.13156452329697457,-0.035527077414664876,0.259399464801375,0.5506350016840267,0.6885556232519405,0.6776967668517094,0.6556105033767389,0.62877098534147,0.6042788926509999,0.581786345254602,0.563750392678389,0.5462838943965289,0.5228408294806931,0.5070143751134663,0.4876066918913301,0.47427563570232684,0.45968058031389775,0.5677654130832751,0.9490758359875916,0.9644744510173826,0.9557419625158244,0.9254904075393473,0.8678078334466139,0.7581026192643786,0.6087620439931984,0.3908921866900063,0.19975703811915413,0.2795147123985946,0.3125916863990575,0.4439704584177992,0.5896034201522623,0.4471945258053287,0.20714753566080188,-0.03241711582121819,0.210570569720191,0.5266632535113481,0.8758097336741074,0.8052200896731666,0.802773392293567,0.7980820031441277,0.7779592046346547,0.7510444707696406
Na,0.22958740059645755,-0.028483015296246698,0.09901124449108996,0.4296266079665568,0.5929868820898834,0.24710795251033266,0.38216960198034444,0.2065346166930245,0.031975546504680014,-0.1092586190564695,-0.0,0.28992727954383013,0.586186077601567,0.634715600975304,0.5662846223032999,0.4052799528449263,0.157814588960486,-0.13910935223032436,-0.0576865597717061,0.2027005318612385,0.5390617518895681,0.7289441105753324,0.7041535655497094,0.6792337285408709,0.6379000624398375,0.591123437006177,0.5255001677688755,0.43608499793847944,0.29529856025999507,0.2751849128758013,0.4280418788688743,0.36024273600617684,0.44210640033063014,0.4357834948696765,0.2219843197939137,-0.0871049155348441,-0.06284216752075832,0.1681520622823803,0.5017868456823884,0.8220728816005313,0.8141998567684462,0.7846782023826203,0.7343944787548794,0.6432503658057545,0.5433498784775738,0.3662432076949233,0.1549761587157696,0.20098320473851122,0.3727745937117552,0.3476580100846428,0.4371787208835432,0.48617612717025643,0.3026787895009249,0.022305944583047795,-0.14478565276161875,0.15014088940003986,0.44137642633087343,0.5792970489441198,0.5684382019108252,0.5463519371140801,0.5195124185643845,0.4950203255866553,0.4725277779707486,0.45449182490318674,0.43702532634746993,0.4135822612232025,0.3977558067037125,0.37834812335859697,0.36501706709676784,0.35042201170583687,0.4585068330175097,0.8398172169311224,0.8552158319609132,0.846483343459355,0.8162317884828779,0.7585492143901443,0.6488440002079091,0.49950349184406734,0.28163361139460763,0.09049846310152215,0.17025613806944542,0.20333311177847269,0.3347118841368959,0.4803448460084357,0.3379359550651774,0.09788896029931521,-0.14167567745915055,0.1013119912707888,0.4174046747350443,0.7665511519477137,0.6959615151491326,0.6935148281364656,0.6888234384065329,0.6687006309680339,0.641785896928251
Mg,-0.06033992313569082,-0.3184110565409507,-0.19091607564609442,0.13969992698670444,0.30305960254605324,-0.04281936875866601,0.09224266520667966,-0.08339266285080565,-0.2579519327700389,-0.39918589860029957,-0.28992727954383013,-0.0,0.2962587980577367,0.34478832143147375,0.2763573427594698,0.11535267330109612,-0.13211312246022874,-0.4290366703132625,-0.34761388188940345,-0.0872267909169583,0.24913365697574974,0.4390168310315023,0.4142262860058792,0.3893064489970408,0.3479727828960073,0.30119615746234696,0.23557288822504535,0.1461577183946493,0.005371159732223241,-0.014742626018952574,0.13811424054240906,0.07031515671382527,0.15217853473816031,0.14585527822839636,-0.0679429974468127,-0.37703223876518566,-0.3527694916329351,-0.12177526183621798,0.21185952045675072,0.5321439367821743,0.5242712039097699,0.49475092283879024,0.4444671992110493,0.35332225146913393,0.25342159946936055,0.07631588668606533,-0.13495116591065306,-0.08894411408011589,0.0828472786851589,0.057730685402604225,0.14725140050647634,0.1962488073651801,0.01275146288907661,-0.26762137158753857,-0.43471297916183455,-0.13978642920921974,0.15144910184399293,0.2893697246645274,0.27851088014689435,0.256424617034764,0.2295851024020224,0.20509300978787787,0.18260046028760302,0.16456450765867864,0.14709800945188262,0.12365494463262994,0.10782848791355162,0.08842080746130604,0.07508975222837856,0.060494696460855445,0.16857952301566914,0.549888230271912,0.5652869940985594,0.5565546528836691,0.5263032233933034,0.4686207221853037,0.3589152456724391,0.20957616624799888,-0.008293709838278372,-0.199428853189089,-0.11967118037559323,-0.08659420544859106,0.044784556598374714,0.19041752031004644,0.0480086272534132,-0.19203836297094376,-0.43160299012445524,-0.18861532995772304,0.12747734905886618,0.4766238295323485,0.4060341959799575,0.4035875081449589,0.39889612575628536,0.37877332644639383,0.3518585918681576
Al,-0.3565995648903996,-0.6146698545986875,-0.48717550000031223,-0.15655892700177007,0.006801398339133311,-0.3390787558461618,-0.20401647562122247,-0.37965146090854246,-0.5542107308277757,-0.6954446966580363,-0.586186077601567,-0.2962587980577367,-0.0,0.04852952337373708,-0.019901448251935492,-0.1809061247566406,-0.4283714886410809,-0.7252946076939424,-0.6438727362022978,-0.3834856480258765,-0.04712519415443329,0.14275747805954012,0.11796717612858806,0.09304751581927823,0.0517139648187601,0.004937426224856394,-0.06068591674077239,-0.15010116013614053,-0.29088751734157187,-0.31100116472576556,-0.15814461041584815,-0.22594367247390226,-0.14408031682834532,-0.1504035750346434,-0.36420185612486633,-0.6732910923662033,-0.6490271909067111,-0.4180341185583671,-0.08439933857876004,0.23588509385373718,0.2280123615891054,0.1984909391807054,0.14820739675409972,0.05706339583269268,-0.04283725660114052,-0.21994296351823014,-0.43121001275000825,-0.38520297394272807,-0.2134115758046663,-0.23852816386750675,-0.1490074525267628,-0.10001004975834744,-0.28350739129369906,-0.5638802273750384,-0.7309718387330743,-0.4360452873341796,-0.14480975701555374,-0.006889134346959433,-0.017747978934302588,-0.03983424050662852,-0.06667375730661212,-0.0911658491793575,-0.11365839703196065,-0.13169434938324,-0.1491608465768701,-0.17260391106626732,-0.1884303654101385,-0.2078380481450551,-0.22116910467662512,-0.23576416115892881,-0.12767933659125127,0.2536293878982402,0.26902815204824904,0.26029581004179614,0.23004436888187105,0.17236187535629532,0.06265638740545548,-0.08668268595493521,-0.304552560592662,-0.4956877104600292,-0.415930036906849,-0.3828530605496232,-0.25147429783131814,-0.10584133750603006,-0.24825022673662364,-0.48829722003681614,-0.727861844833623,-0.48487418249947645,-0.16878150126567348,0.18036496951763112,0.10977533203056447,0.10732864977315537,0.10263726244184344,0.08251446505151935,0.055599731630392196
Si,-0.40512908826413685,-0.6631993779724247,-0.5357050233740495,-0.20508899300874728,-0.04172824468857266,-0.3876082792198988,-0.25254599899495955,-0.42818098428227946,-0.6027402542015128,-0.7439744089540806,-0.634715600975304,-0.34478832143147375,-0.04852952337373708,-0.0,-0.06843097867200398,-0.2294356481303777,-0.476901012014818,-0.7738241310676794,-0.6924023806389442,-0.43201529044808223,-0.09565483917540706,0.09422783933870255,0.06943753304056287,0.044517869860739676,0.003184324828336849,-0.04359221288368052,-0.10921555565448929,-0.1986306030368245,-0.3394170407153089,-0.35953068809950267,-0.20667425817504975,-0.27447333598119533,-0.19260996305857678,-0.19893321864056443,-0.4127315003768561,-0.7218207400928167,-0.697556714280448,-0.46656375926204685,-0.13292898289603192,0.1873554509105469,0.17948272000567903,0.14996130192074564,0.09967775414178712,0.008533751236795627,-0.09136689856958415,-0.268472607666179,-0.4797396628490591,-0.4337326182068279,-0.2619412210939701,-0.287057805618608,-0.19753709621547041,-0.14853969518902,-0.3320370351627137,-0.6124098704161983,-0.7795014811167911,-0.4845732601806185,-0.19333940118987236,-0.055418777976120645,-0.06627762243582355,-0.088363883770271,-0.1152034025178792,-0.139695494517203,-0.1621880410711495,-0.1802239934223055,-0.1976904902618832,-0.22113355485695516,-0.23696000920369684,-0.2563676924795286,-0.26969874889621254,-0.2842938047145319,-0.17620898063021545,0.20509974644989454,0.2204985106067741,0.2117661729466854,0.1815147254982204,0.12383223094587155,0.01412674788198519,-0.13521232849023201,-0.3530822033163505,-0.5442173523475625,-0.4644596798601579,-0.43138270385182603,-0.3000039416549717,-0.15437098251448386,-0.29677987038953063,-0.5368268637864232,-0.7763914881824849,-0.5334038261255221,-0.2173111520958608,0.1318353261076688,0.0612456866659349,0.058799005431839385,0.054107618127299376,0.03398482071711912,0.007070087963888468
P,-0.33669810959213287,-0.5947683993004206,-0.4672740447020454,-0.13665748006392767,0.026702848846227416,-0.31917730054789484,-0.18411502032295557,-0.3597500056102755,-0.5343092755295088,-0.6755432413597695,-0.5662846223032999,-0.2763573427594698,0.019901448251935492,0.06843097867200398,-0.0,-0.16100496286720536,-0.4084700333428139,-0.7053931523956756,-0.6239712848998619,-0.3635841966734003,-0.02722374305759225,0.1626589328593583,0.13786862674317737,0.11294896944339183,0.07161541307414687,0.0248388519512224,-0.04078446235712595,-0.13019979909975626,-0.27098623919585924,-0.29110000629470273,-0.1382431620664325,-0.20604224767363877,-0.12417886574866759,-0.13050212312482398,-0.3443004028685739,-0.6533896427043593,-0.629125735608444,-0.3981326642268562,-0.06449788702207475,0.255786546721148,0.24791380961798248,0.21839239252076603,0.1681088495569608,0.07696484628009391,-0.022935806243141784,-0.20004151566692494,-0.41130856403451144,-0.3653015193778685,-0.1935101249178977,-0.21862670964388212,-0.12910600188368218,-0.08010859888562105,-0.26360593999874815,-0.5439787772678425,-0.7110703890229466,-0.41614383605291716,-0.1249083052270047,0.013012317472224014,0.0021534622325879594,-0.019932789912333413,-0.04677230619337625,-0.07126439831710048,-0.09375694493734044,-0.11179289800219443,-0.12925939589803107,-0.1527024582152174,-0.16852891263227074,-0.18793659598850423,-0.2012676524670581,-0.2158627082093338,-0.10777788509382034,0.2735308405403228,0.28892960005320395,0.2801972644682713,0.24994582087541153,0.1922633245273179,0.08255783992942464,-0.06678123899567077,-0.2846511052858918,-0.47578625792697216,-0.3960285865595455,-0.36295160980054136,-0.23157284421604846,-0.08593988631273791,-0.22834877539949053,-0.4683957636002821,-0.7079603936728345,-0.4649727312558208,-0.1488800502770634,0.2002664206303461,0.12967678253861672,0.12723010458770456,0.122538716912144,0.1024159191669282,0.07550118548948455
S,-0.17569236032952723,-0.4337637298420468,-0.3062685072407311,0.024347487227186354,0.18770781551644022,-0.1581718092185504,-0.023109774696836873,-0.19874533615190174,-0.373304606071135,-0.5145385719013957,-0.4052799528449263,-0.11535267330109612,0.1809061247566406,0.2294356481303777,0.16100496286720536,-0.0,-0.24746536388444026,-0.5443884829373017,-0.4629663188834841,-0.20257922824154748,0.1337812251324943,0.32366415773040613,0.29887361270478313,0.27395377569594476,0.23262010959491122,0.18584348416125085,0.12022021492394927,0.03080504509355318,-0.10998139258493123,-0.13009503996912494,0.022761803391998795,-0.045037351873980926,0.03682610031477219,0.030502843192861433,-0.18329543614184926,-0.4923846760240222,-0.4681210661500704,-0.23712769997935434,0.09650708024437175,0.41679150920605434,0.4089187698658412,0.37939824953769413,0.32911452590995316,0.2379698153894512,0.1380691601385356,-0.03903654791125553,-0.2503036016012369,-0.20429655268548533,-0.032505160574337534,-0.05762174670574271,0.03189896398151897,0.08089636627485432,-0.10260097481228439,-0.3829738103973004,-0.5500654190184159,-0.25513888202326435,0.03609665972421968,0.17401728675143294,0.16315844119068632,0.14107217864077165,0.1142326612465418,0.08974056964923786,0.06724802025514952,0.04921206805960971,0.03174556998835587,0.008302505884639858,-0.007523948925675109,-0.02693163194457383,-0.040262688078960836,-0.05485774380670013,0.05322708105101266,0.43453579768073625,0.4499345599489098,0.4412022195765285,0.41095078597832496,0.3532682861134722,0.24356280886936504,0.09422372524997367,-0.12364614321235545,-0.3147812921837816,-0.23502361989347428,-0.20194664329401738,-0.070567880863376,0.07506507849968154,-0.06734380985852592,-0.3073907972026776,-0.5469554285733222,-0.3039677680948119,0.012124923935159777,0.3612713881305069,0.29068175355961884,0.2882350712593062,0.2835436838706916,0.26342088557775023,0.2365061518411318
Cl,0.07177320021567234,-0.18629721283234965,-0.05880295475332077,0.2718130501800985,0.43517337762579583,0.08929375359924896,0.22435578830408906,0.048720736540479447,-0.12583865276271747,-0.26707320801695555,-0.157814588960486,0.13211312246022874,0.4283714886410809,0.476901012014818,0.4084700333428139,0.24746536388444026,-0.0,-0.2969235253468235,-0.2155007581067653,0.04488633266240872,0.381247162929082,0.5711295216148464,0.546338915116767,0.521419139580385,0.4800854734793515,0.43330884804569103,0.3676855788083894,0.27827040897799343,0.13748398782205484,0.1173703239153153,0.2702272899083883,0.20242814704569081,0.28429181137014425,0.2779689059091904,0.06417012416172331,-0.24491911509434297,-0.22065570226563017,0.010337863809558248,0.3439726438745528,0.6642582926400451,0.6563852678079601,0.6268636134221344,0.5765798897943935,0.48543577684526856,0.38553528951708776,0.2084290115480887,-0.0028380430108526054,0.04316900760543087,0.21496039924062574,0.18984381235164427,0.2793645266478203,0.3283619281578888,0.14486458823105822,-0.13550825054181406,-0.3025998544009094,-0.007673303591995448,0.28356222601720743,0.42148284698484284,0.4106240014710751,0.3885377372603897,0.36169822476088986,0.33720613154695395,0.3147135837394614,0.29667763066271774,0.27921113209980963,0.25576806697088267,0.23994161244782963,0.22053392910025132,0.20720287283713565,0.19260781754634917,0.3006926440790395,0.6820026279706364,0.6974012430004272,0.6886687544988691,0.6584171995223917,0.6007346254296584,0.49102941124742305,0.34168928875751936,0.12381941848679712,-0.06731573067783514,0.012441936526733957,0.045518912305135946,0.17689768191609823,0.3225306429176109,0.18012175321295307,-0.05992524014297221,-0.2994898695539074,-0.05650219632527193,0.25959047460019324,0.6087369525963056,0.538147312569671,0.53570063449626,0.5310092444870027,0.5108864381670962,0.4839717041272835
Ar,0.3686967498345418,0.11062633642395735,0.2381205954889202,0.5687365971972201,0.7320969279187844,0.38621730691983835,0.5212793363033288,0.3456442888177578,0.17108489997331647,0.02985077768786502,0.13910935223032436,0.4290366703132625,0.7252946076939424,0.7738241310676794,0.7053931523956756,0.5443884829373017,0.2969235253468235,-0.0,0.0814227940909364,0.3418101256652387,0.6781702819819435,0.8680526406677078,0.8432620956420848,0.8183422586332465,0.777008592532213,0.7302319670985526,0.6646086978612509,0.575193528030855,0.43440709035237063,0.41429344296817683,0.5671504089612498,0.49935126609855235,0.5812149304230058,0.5748920249620519,0.36109388292091144,0.05200443474642466,0.07626741678723138,0.30726250142833283,0.6408972671942412,0.9611814116929066,0.9533083868608215,0.9237867324749958,0.8735030088472547,0.78235889589813,0.6824584085699493,0.5053528733039975,0.29408601862805983,0.34009305131341744,0.5118847472605184,0.4867682182355642,0.5762891879249294,0.625287062279807,0.4417881294541342,0.1614153023299827,-0.00567630000697821,0.2892508708870609,0.5804857784097698,0.7184063942149254,0.7075494327878732,0.6854628813024677,0.6586231748560095,0.634130930844893,0.6116382541225401,0.5936021826557764,0.5761355969212335,0.5526924979973584,0.5368660115587784,0.5174583204448806,0.5041272613779874,0.48953222570955485,0.5976169555421842,0.9789257470234978,0.9943243620532887,0.9855918735517306,0.9553403185752534,0.89765774448252,0.7879525303002847,0.6386136840707233,0.4207429644196119,0.22960781684577164,0.3093654838534176,0.3424424578672034,0.4738212294443408,0.6194541911641331,0.4770453057444957,0.2369983128120937,-0.002566327113043662,0.2404224872029044,0.5565140300198466,0.905660500688524,0.8350708502858809,0.8326264972628299,0.8279347178658019,0.8078116393188494,0.7808967176656051
K,0.28727395708101433,0.02920354485448052,0.15669780397902328,0.48731380886807174,0.6506741364964601,0.3047945100363436,0.43985654707996846,0.26422149315748694,0.08966210697231193,-0.051572015480711435,0.0576865597717061,0.34761388188940345,0.6438727362022978,0.6924023806389442,0.6239712848998619,0.4629663188834841,0.2155007581067653,-0.0814227940909364,-0.0,0.2603868607118127,0.5967470170285175,0.7866293757142819,0.761838830688659,0.7369189936798206,0.695585327578787,0.6488087021451266,0.5831868154438461,0.4937715712283074,0.35298502191663406,0.3328712540607019,0.48572714400782385,0.4179280011451264,0.4997916654695797,0.493468760008626,0.2796706179674856,-0.02941836002822446,-0.005155608581911127,0.2258392364749069,0.5594740022408153,0.8797581467394807,0.8718851219073956,0.8423634675215699,0.792079743893829,0.700935630944704,0.6010351436165234,0.42392960835057153,0.21266275367463391,0.2586697863599915,0.43046148230709236,0.4053449532821382,0.49486592297150356,0.5438637973263812,0.36036534301500345,0.07999249786825623,-0.08709909610028181,0.20782756249326562,0.4990629830531003,0.636983586435864,0.6261261678344474,0.6040396163490418,0.5771999099025835,0.5527076658914671,0.5302149891691144,0.5121789177023504,0.4947123319678077,0.47126923304393253,0.4554427466053524,0.43603505549145466,0.42270399642456125,0.40810896075612885,0.5161936905887582,0.8975024820700717,0.9129010970998628,0.9041686085983044,0.8739170536218275,0.8162344795290939,0.7065292653468588,0.5571904191172973,0.33932016947398624,0.14818502191916472,0.2279426926428431,0.26101966838768786,0.39239843241148564,0.5380313882751272,0.3956225017920594,0.15557551590569027,-0.08398911582017209,0.15899922224947846,0.475091235017589,0.8242377096278786,0.7536480514872478,0.7512032323094038,0.746511452912376,0.7263883743654236,0.699473452712179
Ca,0.026886868200514506,-0.23118354730221918,-0.1036892859840441,0.22692671515297205,0.3902870459128213,0.044407421859429586,0.17946945418577004,0.0038344034091557845,-0.17072498570509173,-0.31195910775884356,-0.2027005318612385,0.0872267909169583,0.3834856480258765,0.43201529044808223,0.3635841966734003,0.20257922824154748,-0.04488633266240872,-0.3418101256652387,-0.2603868607118127,-0.0,0.3363601563167048,0.5262425150024693,0.5014519699768463,0.47653213296800795,0.43519846686697433,0.38842307142418475,0.32279972384968636,0.23338448094665779,0.09259793392745613,0.07248416457868086,0.2253410321628015,0.15754195321707548,0.23940480475776704,0.2330818992968133,0.019283754032072525,-0.289805449649606,-0.26554270887800724,-0.03454847064194497,0.29908714152900273,0.619371286027668,0.611498261195583,0.5819766068097572,0.5316928831820164,0.4405487702328913,0.3406482829047106,0.1635427476387588,-0.047724334375805415,-0.0017173269757624241,0.1700740682470308,0.1449574827186685,0.23447819102534087,0.28347558920097493,0.09997825109494853,-0.1803945818301508,-0.34748619276839593,-0.052559254778177744,0.23867589229184033,0.3765965107153799,0.36573766361770693,0.34365139968887637,0.3168118812006687,0.2923197934406973,0.269827248981818,0.25179129492401997,0.23432479644466306,0.21088173202152016,0.1950552796059029,0.17564759490997947,0.16231653852473862,0.14772148221669784,0.2558068298769454,0.6371156213582592,0.65251423638805,0.6437817478864919,0.6135301929100148,0.5558476188172812,0.4461424046350459,0.2968029544831883,0.07893308070164848,-0.11220206241587678,-0.0324443951418237,0.0006325790862122498,0.13201134595380157,0.27764430780220484,0.13523541785161944,-0.1048115697260988,-0.34437620246518763,-0.10138853635472848,0.21470414234544621,0.5638506202327677,0.49326097713639894,0.49081429055544334,0.48612289711083356,0.4660000985729517,0.439085365306955
Sc,-0.30947358687120263,-0.5675455288866885,-0.4400497302642963,-0.10943373755265642,0.053926591903513885,-0.29195303171648607,-0.15689099998415434,-0.33252604898991106,-0.5070864051157767,-0.6483203709460374,-0.5390617518895681,-0.24913365697574974,0.04712519415443329,0.09565483917540706,0.02722374305759225,-0.1337812251324943,-0.381247162929082,-0.6781702819819435,-0.5967470170285175,-0.3363601563167048,-0.0,0.18988237068299912,0.16509237033233362,0.14017270953723715,0.098839164374371,0.05206262096727785,-0.01356072710801687,-0.1029759698026712,-0.243763191629573,-0.2638768390137667,-0.11101987302069374,-0.1788190158833911,-0.0969553515589378,-0.10327836882728104,-0.31707639906103197,-0.6261658390636899,-0.6019028651947121,-0.370908922733422,-0.037274142345730406,0.2830102797420734,0.2751381048788783,0.24561645049305236,0.19533272686531142,0.10418857498766694,0.004287936855402607,-0.1728177720681412,-0.3840847753590126,-0.3380777412031181,-0.16628638342557234,-0.1914029749783064,-0.10188225745992123,-0.052884855782043605,-0.23638219603503893,-0.5167550363271377,-0.6838466482071776,-0.38891941109488254,-0.09768456145624148,0.04023605961747288,0.029377215160584447,0.007290952866810974,-0.01954856376719472,-0.04404065517549043,-0.06653320224473273,-0.08456915347454788,-0.10203565160114522,-0.12547871640730923,-0.14130517096510237,-0.1607128550100905,-0.17404391102261194,-0.188638967376204,-0.08055414138831822,0.3007545746056022,0.31615334578209464,0.30742159156978704,0.2771700365933099,0.2194870805399654,0.10978158134886833,-0.039557492855563536,-0.2574273705716976,-0.44856251031690225,-0.3688048440434982,-0.33572786529793397,-0.20434910177134943,-0.058716143353066616,-0.2011250303123761,-0.4411720214808294,-0.6807366507252541,-0.437747794779039,-0.12165631202418027,0.22749016408860548,0.15690052930926773,0.1544538471724203,0.14976245936976565,0.12963966182117795,0.10272492812412148
