element,0,1,2,3,4,5,6,7,8,9,10,11,12,13,14,15,16,17,18,19,20,21,22,23,24,25,26,27,28,29,30,31,32,33,34,35,36,37,38,39,40,41,42,43,44,45,46,47,48,49,50,51,52,53,54,55,56,57,58,59,60,61,62,63,64,65,66,67,68,69,70,71,72,73,74,75,76,77,78,79,80,81,82,83,84,85,86,87,88,89,90,91,92,93,94
H,-0.0,-6944.217705445091,-5088.192776373219,7436.3251427659425,5053.398871983496,3899.782705026181,3875.4959185266034,358.1292217650543,-4313.740368670511,-11175.137623612465,-8953.416206103902,2123.916892850618,11282.899093607357,3730.70193897797,9805.143715960487,4681.124265799729,-5114.740007685275,-14773.464081394499,-13087.584948846546,-2038.816659885829,11855.07780645046,17981.54627727938,18506.09818439577,16970.64664401764,15231.932649994797,12528.742538615294,9576.389155068406,5985.643493695333,1729.8322675251593,1545.202197079499,2973.1370460560292,-2797.046776019482,9350.612115323067,5542.540026260172,-3296.6727248591606,-14019.191116434975,-14562.43897058569,-4827.236281850566,9958.093825506463,22630.286140519183,26535.394369290298,24633.02072934626,20315.774465845785,15811.033488178491,9933.299706755965,3587.28877834049,-3810.019457919554,-1838.8762692684893,2386.820491383817,-878.2244560695914,2388.2665288079374,9490.864508395405,49.2028965352926,-11699.83663452846,-16710.069263616006,-6393.905947506849,7219.0726451913615,11825.33697672312,10992.231254814798,10418.407899905304,9483.480251492443,8614.28858019055,7925.196378338673,7234.401556402986,6615.202874122024,5948.50183217588,5333.054240156857,5008.437196743263,4320.639924144916,3721.961801177283,10532.563220676593,24415.960430815074,30815.0427056166,30120.93456200975,25869.804278780437,21181.849241535838,15682.939242259463,8316.413640665161,-205.88662373465385,-4299.211616977684,-4867.744059766225,-8729.205648862613,6735.199946966124,8845.351796003237,1319.430083815234,-7639.849458192632,-16476.223368947867,-6863.084506770256,5961.642471985809,20605.84210390858,26393.291072234926,22551.649607821804,19078.024469652602,15936.589872890598,14286.447836379677
He,6944.217705445091,-0.0,1856.025418846341,14380.540850980455,11997.61506630164,10844.000693484977,10819.713078325822,7302.348974343799,2630.477680409763,-4230.9212461716,-2009.1969357218588,9068.135620698211,18227.120569694576,10674.922415850853,16749.361911180044,11625.341696995401,1829.47928314512,-7829.2458861749365,-6143.366753626984,4905.4010823668505,18799.296001670024,24925.769004981652,25450.316237208077,23914.864696829947,22176.145776934718,19472.9605914276,16520.607207880723,12929.864316593772,8674.05175698058,8489.421424319004,9917.356703756303,4147.1728316860435,16294.830310542628,12486.757018678485,3647.5423483439886,-7074.970358032047,-7618.220775366132,2116.98963098998,16902.308438745127,29574.504335738748,33479.619540238484,31577.23878215857,27259.992518658095,22755.256313479946,16877.518328528404,10531.509246109279,3134.198377434853,5105.338097406714,9331.04221695423,6065.993390399321,9332.484374653277,16435.079833220418,6993.416362517837,-4755.618796591919,-9765.851068396447,550.3125109821729,14163.291692917172,18769.551394553346,17936.446683477792,17362.623476726127,16427.695965944,15558.504409048377,14869.412290767288,14178.617556378997,13559.418947532562,12892.717961830083,12277.274259902544,11952.653287862831,11264.85777748042,10666.17965225482,17476.781415896152,31360.178626034634,37759.2684627989,37065.152614822066,32814.02233159274,28126.067294348148,22627.163822373863,15260.634748349423,6738.33118159493,2645.0021991067674,2076.469112190987,-1784.9878015664633,13679.418553233732,15789.569641881792,8263.64792919429,-695.6316040854451,-9532.000983782289,81.12544315320991,12905.860640281462,27550.06029912814,33337.50926745448,29495.86596089878,26022.241323107606,22880.80775932749,21230.664750287688
Li,5088.192776373219,-1856.025418846341,-0.0,12524.515281680666,10141.589217179357,8987.974681416195,8963.68722920354,5446.321238608894,774.4517366712765,-6086.94593516667,-3865.2234297306827,7212.110201851871,16371.094205328061,8818.896051484337,14893.338880124524,9769.31627814906,-26.546471637628155,-9685.271305021279,-7999.3921724733245,3049.3758340922245,16943.270582823683,23069.74264061514,23594.284553944733,22058.833445532407,20320.11992781244,17616.930136001865,14664.5770275783,11073.837952227257,6818.028112322023,6633.396141873356,8061.331165273253,2291.1458019845904,14438.804891696282,10630.731599832145,1791.517078882726,-8930.998340061755,-9474.246194212476,260.9688597617272,15046.283019898783,27718.478916892404,31623.59317587197,29721.212417792056,25403.96615429158,20899.22994911343,15021.496712466067,8675.48350278488,1278.1730888968416,3249.3128291366893,7475.016453374935,4209.96811187215,7476.458611230121,14579.054414374083,5137.391088689813,-6611.644564852402,-11621.876487242787,-1305.712843735584,12307.266274070826,16913.52597570701,16080.423349806317,15506.598057879788,14571.670547097658,13702.478990202035,13013.386871920942,12322.592137532652,11703.394968565073,11036.69392626223,10421.250207506195,10096.629288082753,9408.832014206466,8810.153888688592,15620.755997049811,29504.153207188294,35903.24209843238,35209.12625045555,30957.995967226234,26270.04092998164,20771.137458007343,13404.609007200692,4882.305899920549,788.9769150641063,220.4480494103916,-3641.013569384093,11823.39313438739,13933.543878390336,6407.622654026822,-2551.6573809654487,-11388.030592574652,-1774.901992938379,11049.834946532868,25694.0348802818,31481.483848608146,27639.84054205244,24166.21660004937,21024.782004122655,19374.639962917816
Be,-7436.3251427659425,-14380.540850980455,-12524.515281680666,-0.0,-2382.925515705323,-3536.5404549401555,-3560.828260707598,-7078.194251302244,-11750.064065170229,-18611.46215017818,-16389.73847344637,-5312.40620808435,3846.5756638297785,-3705.6207797274014,2368.8200823974835,-2755.1995057852237,-12551.063641248278,-22209.7877149575,-20523.90858240955,-9475.140059399857,4418.755595100241,10545.222643716374,11069.773041629827,9534.321501251698,7795.607507228851,5092.417395849351,2140.0640123024646,-1450.6807885403832,-5706.4900718019835,-5891.12040446356,-4463.184759010058,-10233.369313509498,1914.2883401453278,-1893.78374611914,-10732.99804925165,-21455.514749997976,-21998.762604148695,-12263.551713207731,2521.7659139568045,15193.962506956184,19099.070735727284,17196.695586580317,12879.449323079842,8374.709006248957,2496.9742380071693,-3849.034204305649,-11246.341137050504,-9275.201986268052,-5049.499409924279,-8314.544651579838,-5048.05721755493,2054.540753536394,-7387.120900818322,-19136.162818529345,-24146.39289717901,-13830.230839605627,-217.26296486670026,4389.013218230754,3555.9074862651564,2982.0841325984024,2047.1564850989494,1177.9648145055287,488.87262216594627,-201.92217286210453,-821.1208898105668,-1487.8219310814216,-2103.2656478660383,-2427.8865631516783,-3115.683834747885,-3714.3619551420798,3096.2387333410734,16979.636797252075,23378.7190720536,22684.609419243807,18433.479136014495,13745.524098769896,8246.613112216524,880.090748707903,-7642.20700331342,-11735.537303869869,-12304.067820700777,-16165.531583656355,-701.131591875383,1409.028040144496,-6116.8879143530285,-15076.176001006917,-23912.547002510877,-14299.408140333258,-1474.6794025607396,13169.524684538277,18956.970632753073,15115.325818119729,11641.700677518837,8500.261858855678,6850.120153764353
B,-5053.398871983496,-11997.61506630164,-10141.589217179357,2382.925515705323,-0.0,-1153.6154128314984,-1177.9021993310755,-4695.267950452008,-9367.138048987945,-16228.536495595963,-14006.812202663923,-2929.4806923790266,6229.500975749676,-1322.696554297606,4751.746712221919,-372.2749585073116,-10168.138125542957,-19826.862199252177,-18140.983066704222,-7092.214543694532,6801.679688592782,12928.148159421698,13452.699312412273,11917.247772034145,10178.533778011297,7475.343666631796,4522.988465068649,932.2448497972338,-3323.5641225183986,-3508.1948887582357,-2080.2587449894163,-7850.443797804177,4297.213997465386,489.14226704335255,-8350.072533546325,-19072.589234292653,-19615.83708844337,-9880.626197502408,4904.691450141269,17576.888022661507,21481.99625143261,19579.621857362763,15262.375593862285,10757.634967506277,4879.8998506393145,-1466.1085696723674,-8863.41562134518,-6892.276470562727,-2666.5733969098274,-5931.6186374305835,-2665.1312113211143,4437.462584758579,-5004.19488610921,-16753.237302824018,-21763.467381473685,-11447.305323900302,2165.675378601923,6771.93332175475,5938.8334933074875,5365.010139258523,4430.082491889129,3560.8908215779074,2871.7986207475406,2181.0037996225697,1561.8051181880417,895.1040773616459,279.66040277552804,-44.960522623777514,-732.7578256193473,-1331.4359459925506,5479.164276630223,19362.562312957398,25761.644587758918,25067.535690026256,20816.405406796937,16128.445533872722,10629.541413983168,3263.0162461297805,-5259.284030241627,-9352.609358222315,-9921.141802839395,-13782.606067951034,1681.793337306186,3791.9540465292694,-3733.9619010791685,-12693.247196430946,-21529.62148680555,-11916.482624627934,908.2288864181553,15552.443986050903,21339.89295437725,17498.251818313023,14024.626677064018,10883.192081058127,9233.050049076854
C,-3899.782705026181,-10844.000693484977,-8987.974681416195,3536.5404549401555,1153.6154128314984,-0.0,-24.286935332050675,-3541.653605753802,-8213.523419621786,-15074.921773174887,-12853.19748024285,-1775.864282763461,7383.116388581177,-169.0821129639623,5905.361010934305,781.3401446545531,-9014.522712711454,-18673.246786420674,-16987.367653872727,-5938.599130863034,7955.295101424282,14081.766802606919,14606.314034833347,13070.862494455218,11332.148500432371,8628.958389052868,5676.605005505983,2085.862114219038,-2169.9500225652346,-2354.5789945165698,-926.6452076393039,-6696.828384972678,5450.829410296884,1642.7549857315546,-7196.4571207148265,-17918.973821461157,-18462.221675611872,-8727.01078467091,6058.306558963916,18730.503435493003,22635.611664264106,20733.236579783836,16415.990316283358,11911.25411110521,6033.514869904524,-312.4934000221965,-7709.799761061629,-5738.659279599049,-1512.958661580477,-4778.006725534105,-1511.516480610796,5591.081496300471,-3850.580153800089,-15599.621889992519,-20609.851968642186,-10293.689911068805,3319.290463954954,7925.5539633074895,7092.448236631615,6518.6248821862455,5583.697234033381,4714.505562897519,4025.413361287575,3334.618539401437,2715.41985720053,2048.7188154074292,1433.275097899077,1108.6541813102244,420.85691671012955,-177.8211811924415,6632.783059992922,20516.1777257889,26915.266260424167,26221.15041244733,21970.020129218017,17282.065091973414,11783.156238542957,4416.631348459621,-4105.668917044468,-8198.994633800821,-8767.527076927854,-12628.98866595152,2835.4177669151663,4945.568783613503,-2580.3471631745733,-11539.632473374797,-20376.00607397405,-10762.867211796436,2061.8610921597065,16706.0593988824,22493.508367208746,18651.866584390806,15178.241446014103,12036.806849033801,10386.66481254368
N,-3875.4959185266034,-10819.713078325822,-8963.68722920354,3560.828260707598,1177.9021993310755,24.286935332050675,-0.0,-3517.3659905946456,-8189.235804462632,-15050.634782075553,-12828.910489143516,-1751.5784930479517,7407.4031750807535,-144.7943067458718,5929.647797433882,805.6272699646307,-8990.235926211879,-18648.959999921102,-16963.080867373148,-5914.312344363456,7979.581887923858,14106.050358752776,14630.601025932681,13095.14948555455,11356.435491531705,8653.245380152204,5700.891996605318,2110.1470633955855,-2145.6621140489215,-2330.2917173130286,-902.3567373080281,-6672.5415984731,5475.116196796461,1667.0442701035695,-7172.1703342152505,-17894.68703496158,-18437.9348891123,-8702.723998171332,6082.593669417929,18754.79022199258,22659.89845076369,20757.52357088317,16440.277307382694,11935.537569651888,6057.803912279889,-288.2063279424719,-7685.512490725862,-5714.371996870553,-1488.6713902766091,-4753.719570642714,-1487.2292066021628,5615.3648078195965,-3826.292879725077,-15575.33510349294,-20585.565182142607,-10269.403124569226,3343.5775911047995,7949.835546995943,7116.735500862755,6542.912146531671,5607.9844989401545,4738.792828455206,4049.700627447182,3358.9058062114887,2739.7071246650266,2073.0060837128285,1457.5623671521198,1132.9414512969859,445.14418737036004,-153.5339042895571,6657.0664996005635,20540.46451228847,26939.54678709,26245.43740354666,21994.307120317353,17306.352083072747,11807.443446799716,4440.918488893788,-4081.381800409077,-8174.707352773901,-8743.23979716257,-12604.703868619958,2859.7048862601105,4969.856052545998,-2556.059893548566,-11515.345191028342,-20351.71928747448,-10738.58042529686,2086.1314306303457,16730.34618538198,22517.795153708325,18676.15383206792,15202.52869166161,12061.094095323355,10410.952061914191
O,-358.1292217650543,-7302.348974343799,-5446.321238608894,7078.194251302244,4695.267950452008,3541.653605753802,3517.3659905946456,-0.0,-4671.869813867985,-11533.268545143952,-9311.546043335116,1765.787588247439,10924.769256376143,3372.5721911542137,9447.013878729273,4322.993664544627,-5472.869844916488,-15131.593918625711,-13445.714786077755,-2396.950169864766,11496.947969219249,17623.420030637855,18147.96726286428,16612.51220692351,14873.798689203546,12170.608897392973,9218.25823353692,5627.515342249973,1371.7030463568735,1187.07296489807,2615.0092863509144,-3155.174763982719,8992.482278091851,5184.410288678371,-3654.8024403885784,-14377.320953666189,-14920.568807816904,-5185.35719505014,9599.96040629435,22272.15630328797,26177.26453205908,24274.889807814772,19957.643544314295,15452.907339136145,9575.169958795055,3229.1595586034286,-4168.146467877561,-2197.0059888951882,2028.6946272863597,-1236.3536312425226,2030.1337725346152,9132.731800769645,-308.9268270405803,-12057.969022197552,-17068.19910084722,-6752.034998900056,6860.9434167614545,11467.20724392657,10634.101519914799,10060.278164825095,9125.350516656381,8256.158845711167,7567.066644196157,6876.271822652768,6257.073140776357,5590.372099418091,4974.928382311966,4650.304108462008,3962.5101939540423,3363.832072336166,10174.433383445381,24057.83059358386,30456.919488455096,29762.80364047827,25511.673357248947,20823.71832000435,15324.810037509127,7958.287090708615,-564.0158902138639,-4657.341338835414,-5225.873782069317,-9087.335368034333,6377.070520782957,8487.222066243512,961.306133091982,-7997.979177162234,-16834.353206179083,-7221.214344001469,5603.5017728272205,20247.712266677372,26035.161235003714,22193.51792844801,18719.894724090595,15578.46012757942,13928.318092178832
F,4313.740368670511,-2630.477680409763,-774.4517366712765,11750.064065170229,9367.138048987945,8213.523419621786,8189.235804462632,4671.869813867985,-0.0,-6861.3984466080165,-4639.675837433391,6437.657794149163,15596.641693886713,8044.443540042989,14118.884084630998,8994.86387044635,-800.9983509332444,-10459.723712723984,-8773.844580176035,2274.923966753509,16168.81817512097,22295.290129173794,22819.833129203827,21284.382020791498,19545.66850307153,16842.478711260956,13890.12560283739,10299.385440785913,6043.57393043153,5858.943597769954,7286.878877207252,1516.6939571538978,13664.353468861906,9856.279192129434,1017.067477969701,-9705.450747764462,-10248.698601915183,-513.4870808406191,14271.830612196078,26944.026509189698,30849.14066443063,28946.759906350708,24629.51364285023,20124.77743767208,14247.04420102472,7901.031568040895,503.72122305704215,2474.8639331910367,6700.564562684601,3435.516294390656,6702.004675964966,13804.602006671368,4362.943070357947,-7386.0964263729165,-12396.328894945495,-2080.165307312977,11532.813866368118,16139.073568004298,15305.968856928743,14732.14565017708,13797.218139394947,12928.026582499328,12238.934464218237,11548.139729829943,10928.941120983513,10262.240135281034,9646.796433353493,9322.17546131378,8634.3781645765,8035.702001579784,14846.303589347102,28729.70079948558,35128.789586991035,34434.6737390142,30183.543455784886,25495.588418540287,19996.684946565998,12630.15706922103,4107.8540438871105,14.52861332143732,-554.0038500376949,-4415.4654416125995,11048.940726684681,13159.091994741944,5633.170803350623,-3326.1092515735827,-12162.48300027736,-2549.3407934662564,10275.38281373241,24919.5824725791,30707.03144090544,26865.38813434973,23391.763496558557,20250.329077910337,18600.186923738638
Ne,11175.137623612465,4230.9212461716,6086.94593516667,18611.46215017818,16228.536495595963,15074.921773174887,15050.634782075553,11533.268545143952,6861.3984466080165,-0.0,2221.7232352872584,13299.057443094007,22458.036894958605,14905.839705256452,20980.28355834347,15856.262553264918,6060.399433705886,-3598.3230412367857,-1912.4452683308361,9136.32301555431,23030.221547668396,29156.68394181767,29681.231214211773,28145.78010579945,26407.06658807948,23703.87679626891,20751.523687845343,17160.781070884193,12904.971537447396,12720.344626181193,14148.280174026973,8378.09564610965,20525.751653910713,16717.678264850085,7878.465025702513,-2844.0496281600226,-3387.298907007313,6347.911031729415,21133.22968491672,33805.42558191035,37710.53911103865,35808.15061425121,31490.905027989706,26986.1758842801,21108.44264763274,14762.434201696557,7365.1219107439665,9336.261088686111,13561.961993323443,10296.917773250325,13563.403748685616,20666.001079392023,11224.341469188803,-524.6980567613195,-5534.92568201582,4781.224531492533,18394.21293908877,23000.47264072495,22167.367929649386,21593.544722897735,20658.617212115598,19789.425655219973,19100.333536938884,18409.538802550596,17790.340193704164,17123.639208001685,16508.195506074146,16183.57453403443,15495.777237297145,14897.099007987057,21707.702662067757,35591.10692263622,41990.18803359905,41296.07218562221,37044.93325259216,32356.9868651483,26858.083393174013,19491.56106272585,10969.25544611894,6875.926978472027,6307.390583687286,2445.929137924114,17910.33979940533,20020.487448858268,12494.574464980675,3535.28446264132,-5301.080254361949,4312.054934620904,17136.781886453064,31780.981545299743,37568.43051362609,33726.78720707038,30253.1625692792,27111.72815063099,25461.585996459293
Na,8953.416206103902,2009.1969357218588,3865.2234297306827,16389.73847344637,14006.812202663923,12853.19748024285,12828.910489143516,9311.546043335116,4639.675837433391,-2221.7232352872584,-0.0,11077.331353472364,20236.31324246058,12684.115686932691,18758.559540019705,13634.538534941154,3838.6761984186273,-5820.047875290597,-4134.168742742642,6914.599780267049,20808.497254736358,26934.959923493905,27459.507195888014,25924.056087475685,24185.34256975572,21482.152777945146,18529.799669521584,14939.05705256043,10683.24751912363,10498.618264306537,11926.552970452336,6156.371353177614,18304.02900083302,14495.957804953992,5656.742085116597,-5065.773425226168,-5609.02276448179,4126.187836492568,18911.506449629465,31583.708302097682,35488.81481810661,33586.42659592745,29269.181009665936,24764.4454398587,18886.7183547007,12540.709908764518,5143.396544483734,7114.5385351261275,11340.239196424292,8075.194011323547,11341.680513398358,18444.27784410476,9002.617688838804,-2746.421854136019,-7756.653057512104,2559.5018916716463,16172.489703801513,20778.749405437688,19945.644694362134,19371.821487610465,18436.893976828338,17567.70241993272,16878.610301651624,16187.815567263337,15568.616958416904,14901.915972714425,14286.472270786884,13961.851298747175,13274.054002009889,12675.375772699797,19485.9794267805,33369.382629704196,39768.46374066701,39074.33909323957,34823.2092342684,30135.254724173494,24636.35910024197,17269.836769793812,8747.531694378842,4654.200404573372,4085.6673424318947,224.20589520475968,15688.616564118076,17798.764213571012,10272.850682265338,1313.5612210865372,-7522.804049307662,2090.3342068659886,14915.058651165804,29559.25831001248,35346.70727833883,31505.063971783115,28031.439333991944,24890.00491534373,23239.862761172033
Mg,-2123.916892850618,-9068.135620698211,-7212.110201851871,5312.40620808435,2929.4806923790266,1775.864282763461,1751.5784930479517,-1765.787588247439,-6437.657794149163,-13299.057443094007,-11077.331353472364,-0.0,9158.980098304504,1606.7847095586083,7681.226127734983,2557.205110170915,-7238.656834238227,-16897.37948744132,-15211.502374325199,-4162.733851315505,9731.16038097181,15857.626498723663,16382.173771117774,14846.722662705448,13108.01158605105,10404.822806717128,7452.469425236676,3861.726404328042,-394.0836818664329,-578.714912214308,849.2214864707644,-4920.963041446559,7226.694958226011,3418.6213305854026,-5420.591841167299,-16143.108541913625,-16686.356396064344,-6951.145505123382,7834.172818046912,20506.36871504053,24411.480423482433,22509.0931711572,18191.847584895695,13687.11719672389,7809.383960076528,1463.3718462454149,-5933.935437176652,-3962.794999633069,262.90357326536326,-3002.141387109825,264.3478064476886,7366.9442125222085,-2074.7183900118175,-13823.756610444992,-18833.98668909466,-8517.824631521276,5095.15577665188,9701.41825633785,8868.312538350443,8294.489183605863,7359.561535002163,6490.369863436247,5801.277661256474,5110.482839072878,4491.284156492222,3824.583113973298,3209.1373333016745,2884.516436711125,2196.7191477404203,1598.0409597065925,8408.645795197941,22292.04300533643,28691.12934604284,27997.013498066004,23745.883214836693,19057.928177592097,13559.024705617803,6192.496707168905,-2329.8036324531654,-6423.130349538747,-6991.66279231275,-10853.124385960515,4611.28293253552,6721.433073875838,-804.4868545833046,-9763.768193068974,-18600.140794426523,-8987.001932248906,3837.7256475689696,18481.924678429932,24269.373646756274,20427.730923738167,16954.105795311792,13812.67120060294,12162.529157500905
Al,-11282.899093607357,-18227.120569694576,-16371.094205328061,-3846.5756638297785,-6229.500975749676,-7383.116388581177,-7407.4031750807535,-10924.769256376143,-15596.641693886713,-22458.036894958605,-20236.31324246058,-9158.980098304504,-0.0,-7552.196958570095,-1477.7553776468699,-6601.775282195003,-16397.63828717675,-26056.360940379844,-24370.480469091668,-13321.71551944421,572.1786123732596,6698.648435287077,7223.19367281327,5687.74478444152,3949.031110205476,1245.8411385884249,-1706.5122428920263,-5297.255263800662,-9553.066003951115,-9737.69551431354,-8309.759966467758,-14079.944494385081,-1932.286978284291,-5740.360270148432,-14579.571071215098,-25302.086374569073,-25845.33806419305,-16110.127173252087,-1324.8086935148503,11347.38704691183,15252.498970543913,13350.118212463993,9032.871948963515,4528.135743785369,-1349.600513430272,-7695.605938798173,-15092.914095149592,-13121.777446312404,-8896.076541675073,-12161.120984165787,-8894.634786312901,-1792.0375863629954,-11233.698305299673,-22982.7382785737,-27992.968357223363,-17676.80629964998,-4063.833222204674,542.4375905656292,-290.6681230762325,-864.4915067117262,-1799.4191520786762,-2668.6108206569666,-3357.703019551227,-4048.497839274116,-4667.696519197937,-5334.399326996833,-5949.843028924372,-6274.464000964084,-6962.261297701369,-7560.939527011459,-750.3358987944356,13133.061337207719,19532.14789310432,18838.032045127486,14586.901761898174,9898.946724653571,4400.038481477757,-2966.4840752942405,-11488.7830054686,-15582.112763914225,-16150.645519054062,-20012.10704370071,-4547.698735593186,-2437.5475903958427,-9963.463557787027,-18922.75146105127,-27759.12246255522,-18145.983600377614,-5321.254645484707,9322.942139104669,15110.394977251384,11268.750156636797,7795.125014853061,4653.6872003041235,3003.5455001488117
Si,-3730.70193897797,-10674.922415850853,-8818.896051484337,3705.6207797274014,1322.696554297606,169.0821129639623,144.7943067458718,-3372.5721911542137,-8044.443540042989,-14905.839705256452,-12684.115686932691,-1606.7847095586083,7552.196958570095,-0.0,6074.441580923226,950.4213667385802,-8845.442142722535,-18504.166216431757,-16818.287083883806,-5769.518560874113,8124.3756714132005,14250.8465891308,14775.391508955323,13239.940400542997,11501.226789726377,8798.037053541833,5845.683982588891,2254.9413656277397,-2000.868573276241,-2185.498905937817,-757.5628654523451,-6527.747814983758,5619.909980285805,1811.8364139386679,-7027.376550725906,-17749.893251472233,-18293.141105622955,-8557.930214681992,6227.388108488305,18899.584005481924,22804.697124387636,20902.316366307718,16585.07010280724,12080.333897629094,6202.59776780634,-143.41200707858212,-7540.719638524763,-5569.580487742308,-1343.8775159764102,-4608.92275885167,-1342.4377527890583,5760.1595029636,-3681.499002593731,-15430.5413200036,-20440.771398653265,-10124.609341079884,3488.36328455352,8094.629844769728,7261.529365782383,6687.706010776612,5752.778363267066,4883.58320157715,4194.491193276178,3503.6965374525716,2884.4980000810083,2217.797080380896,1602.3534360777928,1277.7325427716567,589.9352555431996,-8.740042900357734,6801.8610856393325,20685.258295777814,27084.34604694804,26390.23019897121,22139.099915741892,17451.144878497296,11952.237739703076,4585.712816140592,-3936.5874645467247,-8029.915805344128,-8598.445914181215,-12459.910085130614,3004.499201482851,5114.644754772181,-2411.26602172165,-11370.551306032265,-20206.92550398513,-10593.786641807515,2230.9425736015883,16875.13996887132,22662.58893719766,18820.945630641956,15347.322547953454,12205.887952152236,10555.745919904273
P,-9805.143715960487,-16749.361911180044,-14893.338880124524,-2368.8200823974835,-4751.746712221919,-5905.361010934305,-5929.647797433882,-9447.013878729273,-14118.884084630998,-20980.28355834347,-18758.559540019705,-7681.226127734983,1477.7553776468699,-6074.441580923226,-0.0,-5124.019956991463,-14919.882961973208,-24578.605615176304,-22892.725143888136,-11843.960141797339,2049.9332720690923,8176.403760490615,8700.947655868307,7165.496547455979,5426.786487852345,2723.5965162352945,-228.75653121793576,-3819.499886153792,-8075.312020896075,-8259.940189109999,-6832.004641264218,-12602.189169181542,-454.53164076481795,-4262.604805744749,-13101.815746011558,-23824.331049365534,-24367.582686546182,-14632.371795605217,152.94905827960238,12825.1424245587,16730.25429574745,14827.873537667532,10510.627274167055,6005.891068988909,128.15312505727883,-6217.8506135946345,-13615.15876994605,-11644.022068665534,-7418.320475819565,-10683.365707729188,-7416.879408666031,-314.2802960345348,-9755.94196928975,-21504.982900926825,-26515.212979576492,-16199.050922003109,-2586.070101775464,2020.192162901685,1187.086430989913,613.2630804818366,-321.6645476427502,-1190.8562432604836,-1879.9484452318304,-2570.743267757591,-3189.941950564379,-3856.6429930197583,-4472.086710974428,-4796.707626934343,-5484.504899668563,-6083.183020787179,727.4212660779846,14610.81671485459,21009.90321830786,20315.78737033102,16064.657087101712,11376.702049857115,5877.798577882822,-1488.7294551397115,-10011.028047095344,-14104.357386267351,-14672.890141407195,-18534.35166605384,-3069.9481843691456,-959.793017873483,-8485.708976816399,-17444.9960834044,-26281.36708490836,-16668.228222730744,-3843.500152078909,10800.703639990365,16588.149590675883,12746.504788276041,9272.875850914505,6131.441821192979,4481.300116984618
S,-4681.124265799729,-11625.341696995401,-9769.31627814906,2755.1995057852237,372.2749585073116,-781.3401446545531,-805.6272699646307,-4322.993664544627,-8994.86387044635,-15856.262553264918,-13634.538534941154,-2557.205110170915,6601.775282195003,-950.4213667385802,5124.019956991463,-0.0,-9795.863004981744,-19454.585658184842,-17768.708450622384,-6719.939927612693,7173.954304674621,13300.421388552746,13824.96866094686,12289.519409330376,10550.804490956809,7847.614754772265,4895.26334893949,1304.5203280308533,-2951.289940014821,-3135.9202706346173,-1707.9846842727545,-7478.1695160523195,4669.488613547224,861.4148412409266,-7977.797917464487,-18700.31461821081,-19243.562472361533,-9508.351581420571,5276.966741749724,17949.16263874335,21854.274252738916,19951.893494658994,15634.64247472478,11129.91102598037,5252.177789333009,-1093.8336704078306,-8491.141005263344,-6520.001854480889,-2294.299903595939,-5559.34513956743,-2292.857712135005,4809.740250694313,-4631.921394930142,-16380.96268674218,-21391.19276539185,-11075.030707818463,2537.950347025747,7144.212720712611,6311.106992979285,5737.283638562037,4802.355990665925,3933.164319861839,3244.072118602906,2553.2772970820483,1934.078615269247,1267.3775739994699,651.9338571734987,327.3129415440343,-360.48432981412475,-959.1624501569329,5851.439718900754,19734.836929039233,26133.923175299326,25439.80732732249,21188.677044093176,16500.722006848577,11001.818534874286,3635.2911539190354,-4887.007483023541,-8980.337172082709,-9548.868315507309,-13410.331451869193,2054.0776563579043,4164.2275434100575,-3361.6884066524876,-12320.975869219757,-21157.346870723708,-11544.208008546097,1280.520985006726,15924.71860213274,21712.16757045909,17870.525345216825,14396.900209642683,11255.465612929664,9605.323573846055
Cl,5114.740007685275,-1829.47928314512,26.546471637628155,12551.063641248278,10168.138125542957,9014.522712711454,8990.235926211879,5472.869844916488,800.9983509332444,-6060.399433705886,-3838.6761984186273,7238.656834238227,16397.63828717675,8845.442142722535,14919.882961973208,9795.863004981744,-0.0,-9658.722653203095,-7972.844941161271,3075.9235818484217,16969.81709631319,23096.283717122846,23620.831377547194,22085.382414312124,20346.66842028928,17643.478308909776,14691.124925362888,11100.383837491967,6844.573569446294,6659.94277286321,8087.876997700081,2317.694327738778,14465.35302808077,10657.28024456805,1818.0658387665683,-8904.451108749698,-9447.698962900418,287.50616042817813,15072.830251210837,27745.030741711736,31650.131067100756,29747.750623175187,25430.50503691368,20925.769467106446,15048.036594724079,8702.032348378574,1304.7210570824388,3275.862293559437,7501.562947608279,4236.516117617817,7503.004314979731,14605.601645686134,5163.9414433385255,-6585.098083864919,-11595.329255930734,-1279.1615237774636,12333.813505382883,16940.073207019064,16106.968495943504,15533.145289191842,14598.21777840971,13729.026221514092,13039.934103232998,12349.139368844708,11729.940759998277,11063.239774295798,10447.79607236826,10123.175100328548,9435.377803591264,8836.699574281169,15647.303228361869,29530.70506931825,35929.779108584335,35235.66312048731,30984.53326151614,26296.57875142124,20797.67568812458,13431.15920940787,4908.8538264597155,815.5248919389976,246.99179846126046,-3614.469682864106,11849.940365699444,13960.088015152383,6434.170580762317,-2525.1108994273923,-11361.483361262599,-1748.3400276031796,11076.382452747177,25720.582111593856,31508.0310799202,27666.38777336449,24192.76313557332,21051.3287169251,19401.186562753406
Ar,14773.464081394499,7829.2458861749365,9685.271305021279,22209.7877149575,19826.862199252177,18673.246786420674,18648.959999921102,15131.593918625711,10459.723712723984,3598.3230412367857,5820.047875290597,16897.37948744132,26056.360940379844,18504.166216431757,24578.605615176304,19454.585658184842,9658.722653203095,-0.0,1685.8791325479535,12734.648678539645,26628.540686624496,32755.00679018879,33279.55660789335,31744.105067515215,30005.391073492374,27302.20096211287,24349.847578565983,20759.107911201194,16503.297643155514,16318.665426066309,17746.60097391209,11976.418401448003,24124.07587037059,20316.00104970253,11476.78834161103,754.2734185396905,211.02193434548053,9946.236001749767,24731.554184114844,37403.7473769287,41308.8539065479,39406.473477898784,35089.228132110744,30584.49260871239,24706.759434171217,18360.751384881674,10963.443702682334,12934.587377167201,17160.289053560726,13895.244113920277,17161.727283940978,24264.32483083753,14822.66837950749,3073.623211987148,-1936.6046854452002,8379.556875351875,21992.53757909211,26598.79728072829,25765.692569652725,25191.87405221411,24256.94591629928,23387.753885779373,22698.66138515062,22007.86633357556,21388.664005472,20721.962962600483,20106.519251811602,19781.898384385786,19094.101103314744,18495.426094718394,25306.026491912897,39189.421444406194,45588.50194803148,44894.38595993446,40643.256100963285,35955.301590868374,30456.398527571717,23089.876464040568,14567.581814764499,10474.250411087629,9905.717668208415,6044.2560661110065,21508.66443940867,23618.812088861607,16092.897610745635,7133.612228099112,-1702.7572125974666,7910.379574624241,20735.1065264564,35379.30618530308,41166.75515362942,37325.11912756222,33851.49280897411,30710.05726953903,29059.914449914282
K,13087.584948846546,6143.366753626984,7999.3921724733245,20523.90858240955,18140.983066704222,16987.367653872727,16963.080867373148,13445.714786077755,8773.844580176035,1912.4452683308361,4134.168742742642,15211.502374325199,24370.480469091668,16818.287083883806,22892.725143888136,17768.708450622384,7972.844941161271,-1685.8791325479535,-0.0,11048.768051970872,24942.66187626533,31069.12890437875,31593.676136605172,30058.224596227043,28319.515152659376,25616.325181042324,22663.971799561878,19073.22877865324,14817.418510607564,14632.788177945986,16060.723457383288,10290.53926890005,22438.195399082415,18630.122426482965,9790.908225206469,-931.6059054774056,-1474.8557137062353,8260.356869201816,23045.674067710286,35717.86726052414,39622.97327997912,37720.592836053554,33403.35241805518,28898.612492307828,23020.88297622968,16674.8745302935,9277.56744535904,11248.704291974775,15474.404573864533,12209.358765115705,15475.847167536416,22578.444714432968,13136.787908219314,1387.7437572777014,-3622.4843147694623,6693.67774280392,20306.658446544152,24912.91814818033,24079.817631840564,23505.993580925926,22571.065445011107,21701.86906990487,21012.776886194846,20321.982061686478,19702.78337890323,19036.08233603171,18420.638625242827,18096.017757817015,17408.220476745977,16809.54238944882,23620.14637550833,37503.54132800164,43902.621321462706,43208.50533336568,38957.37547439451,34269.4209642996,28770.517901002942,21403.995837471797,12881.696220106176,8788.372924383448,8219.837649798654,4358.37449307264,19822.785306860715,21932.932956313653,14407.017574067255,5447.729846841928,-3388.637370470732,6224.500442076289,19049.22739390844,33693.42705275512,39480.88451128804,35639.23865627404,32165.61233768593,29024.176798250854,27374.027403008346
Ca,2038.816659885829,-4905.4010823668505,-3049.3758340922245,9475.140059399857,7092.214543694532,5938.599130863034,5914.312344363456,2396.950169864766,-2274.923966753509,-9136.32301555431,-6914.599780267049,4162.733851315505,13321.71551944421,5769.518560874113,11843.960141797339,6719.939927612693,-3075.9235818484217,-12734.648678539645,-11048.768051970872,-0.0,13893.893486542422,20020.360514655833,20544.911096675623,19009.46030388573,17270.746629649686,14567.55665803263,11615.203276552182,8024.460255643547,3768.6499875978716,3584.0196549362954,5011.952148817209,-758.2268780266045,11389.427009359504,7581.355249295778,-1257.8579898517937,-11980.37429520032,-12523.62254474884,-2788.409847202658,11996.906669362417,24669.099897999182,28574.205228008243,26671.82478408268,22354.58402833227,17849.849914015347,11972.116559145694,5626.107727862705,-1771.2049758573094,199.936788573764,4425.640192549631,1160.5919567499875,4427.0811327277615,11529.68034399111,2088.015210146862,-9661.023247962572,-14671.252837779157,-4355.090780205771,9257.88992353446,13864.149625170643,13031.04491409508,12457.221707343422,11522.29705528819,10653.105024768282,9964.012524139527,9273.217472564467,8654.018588612134,7987.317380791189,7371.873558141793,7047.252545251244,6359.455307541638,5760.7772337073,12571.381570049176,26454.773978911366,32853.85326949183,32159.737281394817,27908.607422423633,23220.652912328733,17721.749849032072,10355.227785500925,1832.9300226913197,-2260.3990451660834,-2828.9321126493323,-6690.3922145803335,8774.016783851026,10884.16522433763,3358.2467542579816,-5601.038240194038,-14437.40694311102,-4824.262323332523,8000.458870898757,22644.658529745437,28432.107498071775,24590.47026655113,21116.843947963018,17975.408408527936,16325.265588903192
Sc,-11855.07780645046,-18799.296001670024,-16943.270582823683,-4418.755595100241,-6801.679688592782,-7955.295101424282,-7979.581887923858,-11496.947969219249,-16168.81817512097,-23030.221547668396,-20808.497254736358,-9731.16038097181,-572.1786123732596,-8124.3756714132005,-2049.9332720690923,-7173.954304674621,-16969.81709631319,-26628.540686624496,-24942.66187626533,-13893.893486542422,-0.0,6126.466620809654,6651.014281234009,5115.566071598414,3376.8523973623705,673.6617622072669,-2278.6909557351323,-5869.433976643767,-10125.245142211643,-10309.87457735102,-8881.93929791372,-14652.123486396958,-2504.466477182917,-6312.539636921967,-15151.75219930545,-25874.267781742732,-26417.513608349785,-16682.30588609519,-1896.98728430805,10775.208334068722,14680.313219923399,12777.932775997837,8460.691728461656,3955.95568172803,-1921.7782342129537,-8267.789301742818,-15665.096983942156,-13693.954970386307,-9468.253293992788,-12733.298233633232,-9466.812353814661,-2364.2148284447876,-11805.87701814278,-23554.91366446689,-28565.142810079007,-18248.985012493085,-4636.003200767385,-29.74235516061429,-862.8481134648706,-1436.671466605486,-2371.599114147709,-3240.7907849730286,-3929.8829858509916,-4620.678445291029,-5239.87705413746,-5906.578039839938,-6522.0217417674785,-6846.64271380719,-7534.440010544475,-8133.118239854564,-1322.5145014977957,12560.885374967836,18959.961261406985,18265.845273309966,14014.715414338789,9326.760904243883,3827.858954820987,-3538.6634414114988,-12060.96053278901,-16154.288951881885,-16722.824231897164,-20584.281968854102,-5119.87744843629,-3009.727551101351,-10535.643524986692,-19494.930173894372,-28331.296207187457,-18718.162313220717,-5893.4353613885605,8750.763527625842,14538.215042572776,10696.57024726538,7222.942595087441,4081.508559096064,2431.366852919577
Ti,-17981.54627727938,-24925.769004981652,-23069.74264061514,-10545.222643716374,-12928.148159421698,-14081.766802606919,-14106.050358752776,-17623.420030637855,-22295.290129173794,-29156.68394181767,-26934.959923493905,-15857.626498723663,-6698.648435287077,-14250.8465891308,-8176.403760490615,-13300.421388552746,-23096.283717122846,-32755.00679018879,-31069.12890437875,-20020.360514655833,-6126.466620809654,-0.0,524.5483935593958,-1010.902418334866,-2749.6160734665445,-5452.806045083596,-8405.159426564047,-11995.902447472681,-16251.711763021294,-16436.341659187365,-15008.406953041565,-20778.59090460507,-8630.930922660878,-12439.006477895777,-21278.21950650217,-32000.73480985615,-32543.9806364632,-22808.77435692411,-8023.456033753813,4648.739863239809,8553.848092010914,6651.469777176917,2334.2235136764402,-2170.5136966881223,-8048.24592814907,-14394.25437408525,-21791.562530436666,-19820.42199849972,-15594.723725347094,-18859.765261746645,-15593.281969984919,-8490.684639278516,-17932.345488971692,-29681.380692580304,-34691.615540895385,-24375.453483322,-10762.472779581767,-6156.213031641935,-6989.317789021146,-7563.1409957728065,-8498.068506554939,-9367.260063450562,-10056.35218173165,-10747.146916119942,-11366.345524966375,-12033.046510668853,-12648.490212596394,-12973.111184636104,-13660.908481373388,-14259.586710683481,-7448.983056602782,6434.4141535357,12833.499457817245,12139.38360984041,7888.253326611095,3200.298289366496,-2298.607786901401,-9665.127513055955,-18187.42756090242,-22280.755979995294,-22849.292702726085,-26710.75422737273,-11246.345919265204,-9136.198269812265,-16662.11292106671,-25621.39864472329,-34457.76964622725,-24844.621084620107,-12019.903832217475,2624.296043580298,8411.748107913501,4570.099299585674,1096.4750141272866,-2044.9564681375207,-3695.0984863151334
