element,0,1,2,3,4,5,6,7,8,9,10,11,12,13,14,15,16,17,18,19,20,21,22,23,24,25,26,27,28,29,30,31,32,33,34,35,36,37,38,39,40,41,42,43,44,45,46,47,48,49,50,51,52,53,54,55,56,57,58,59,60,61,62,63,64,65,66,67,68,69,70,71,72,73,74,75,76,77,78,79,80,81,82,83,84,85,86,87,88,89,90,91,92,93,94
H,0.0,-8.845808601773461,-8.534874506864336,8.914266539361172,8.52801420687264,8.26893250557793,8.262686910782566,5.883682272928384,-8.369792432221875,-9.321536215071113,-9.099902120421529,7.661487971346963,9.331132129650793,8.224619692480315,9.190764378024696,8.45150718887757,-8.540077341955715,-9.600655569629618,-9.479495751368141,-7.620615210194492,9.380595910136673,9.797156915200143,9.825909623120918,9.739299386167794,9.631214984804457,9.435860500082464,9.167160303035464,8.697286182417004,7.456357651304496,7.343557007839639,7.997709207349115,-7.9366768727481185,9.143304026171458,8.620388569581428,-8.100972263768302,-9.548253792195739,-9.586269486896224,-8.482236520922672,9.206241365064734,10.02708857044255,10.186272442187027,10.111883722994389,9.919202152175343,9.668526542310772,9.20374866500845,8.1854307044273,-8.24565200658624,-7.51745360337921,7.778136300574698,-6.779040218978242,7.778741706112498,9.158190343159148,3.916072724939335,-9.367415625453983,-9.723826608986608,-8.763257006712742,8.884620293497107,9.378084270539595,9.305035021909477,9.251425490267252,9.157412083977087,9.061293645811398,8.977928549918174,8.88674113944704,8.797276900399357,8.691062769349758,8.581866873448574,8.519078851789363,8.371390221274305,8.222274813593726,9.262321935416516,10.10303326943501,10.335790700422976,10.313008908337649,10.160870363942289,9.96094713520383,9.660392489537049,9.026106624991138,-5.332170931789881,-8.366419513721345,-8.490591289544625,-9.074544205126942,8.815251238819823,9.087760426572986,7.185712783584405,-8.94126406160721,-9.709734304374349,-8.834057952684415,8.693269029583796,9.933378440597508,10.180903018485768,10.023607837266548,9.856344815270258,9.676435740968214,9.567136657099352
He,8.845808601773461,0.0,7.526731249383063,9.573700777897669,9.392546510968229,9.291459487206106,9.289217453955889,8.896088285545371,7.875300823059122,-8.35041136423729,-7.605987974224668,9.112632237652459,9.810720766894187,9.275746243342788,9.726175143657407,9.361028638591085,7.512333114902758,-8.965749191579258,-8.723290966019096,8.498295974914809,9.841627893463775,10.123697565430188,10.144522739195656,10.08229731255169,10.006817568085232,9.876833497886022,9.712424330955374,9.467372315362738,9.068206571019807,9.046693915802457,9.20214253169336,8.33042323475094,9.698664544900943,9.432504004821356,8.202083010194361,-8.86445986618555,-8.938429383001097,7.658222630488358,9.7352646473578,10.294701741473423,10.418722029218296,10.360223516215116,10.213212113929542,10.032595389363088,9.733796987551397,9.262221871717422,8.050447729353664,8.538237811317591,9.141209157022454,8.710618438506947,9.141363683356854,9.707234187208615,8.852867447237992,-8.46729235796627,-9.186749386881996,6.312301818939036,9.558479406984523,9.840044505523789,9.79464580014789,9.762132692052045,9.706784838797063,9.652426946906923,9.607128765415986,9.559560829086227,9.514910456852855,9.464495492033544,9.41558665924428,9.388792225104021,9.329531995327436,9.274926984356242,9.768685719866932,10.353326057496442,10.539012729948118,10.520459503729183,10.398641687437616,10.244487640604495,10.02695059624477,9.633097425467108,8.81571596776524,7.880805175780666,7.638905658840971,-7.487726931383144,9.52372078670511,9.667168182715603,9.019742411549178,-6.546256725960243,-9.162514845691128,4.40824787287192,9.465514281556898,10.223796300197218,10.41446844227137,10.29203929807059,10.166745314758188,10.03809745283269,9.963248966615362
Li,8.534874506864336,-7.526731249383063,0.0,9.435523065360774,9.224498591411582,9.10375406995092,9.101048497444413,8.6028792509722,6.653445745568725,-8.71406601894471,-8.260033451613733,8.883655510614034,9.70333359164705,9.084765363385394,9.608736478806467,9.187104116892492,-3.315874456167635,-9.178464832587553,-8.987245841019622,8.0230200863025,9.737685036954927,10.046320541400236,10.068802164013377,10.001513742712465,9.919416014731366,9.776672420172144,9.593258327898177,9.31243096295322,8.827472235158,8.800022931603205,8.994958020143466,7.737243689242704,9.577743900700153,9.271598355513873,7.491376100396432,-9.097395427118311,-9.156438013171105,5.568225640825908,9.618952723640193,10.229890655035248,10.361690361943031,10.299649938113246,10.142699951780992,9.947515440242302,9.617304137367391,9.06837159916125,7.153969123850707,8.086506525810538,8.919455369399,8.345447855554806,8.91964825538081,9.587409737680108,8.544495291684298,-8.796738938287108,-9.360730546005708,-7.175269983085529,9.418026370435316,9.735928056920685,9.685420055594578,9.649085380082466,9.586903173203265,9.525405020469345,9.47381070697753,9.419270764194277,9.367719688590325,9.309071414521151,9.25169824280967,9.22005595132517,9.149510380582297,9.083773685233286,9.656419836860566,10.292320212061698,10.488610731797257,10.46908899778469,10.340418897178647,10.176222506180123,9.941367822408488,9.50342848098465,8.493577707997614,6.672003723596273,5.400188022068466,-8.200291986086238,9.377919891483982,9.54212620729497,8.76539965225907,-7.8448902057151315,-9.340405942421823,-7.482063737873095,9.310261264863533,10.154053056898917,10.357186601852256,10.22704968776844,10.092752307779858,9.953504678162437,9.871771884020204
Be,-8.914266539361172,-9.573700777897669,-9.435523065360774,0.0,-7.776503784284958,-8.171186977911589,-8.17802924839967,-8.864915373898093,-9.371699074210001,-9.831586643420186,-9.704471727064929,-8.577988379030788,8.25519853123241,-8.21787589948989,7.7705693166472996,-7.921608019130828,-9.437640364607812,-10.008333382939307,-9.929394480347716,-9.156532345604214,8.393839678316716,9.26352303154179,9.312063855390083,9.162758235478844,8.961443983095375,8.535704278336889,7.669058186462431,-7.280477328612772,-8.649534638902129,-8.681371212618727,-8.403841891871787,-9.23350687563101,7.5576234595468215,-7.546859992861622,-9.281171371001305,-9.973783596191828,-9.998786941561718,-9.41446840593964,7.833111163503041,9.628719237888566,9.857447317469083,9.752530676301355,9.46346588438215,9.033091010572589,7.823235377584773,-8.255837311477599,-9.327887036325782,-9.13520747328583,-8.527242410434122,-9.025881891776475,-8.526956815247651,7.6282942327219745,-8.907628705670659,-9.859387420922644,-10.091931698685048,-9.53468441850102,-5.385700596697419,8.387087517051189,8.176646762688417,8.000712988139282,7.62469539198012,7.072392056585284,6.194145402547201,-5.31282252061526,-6.711887452138824,-7.305740435929796,-7.651721824379131,-7.79518822686252,-8.04452484207471,-8.220231383130447,8.038266262356194,9.739828961944934,10.059624219216214,10.029486056151761,9.821978056187968,9.528541278320493,9.01767911773637,6.781160627110268,-8.941572558915555,-9.370462101313162,-9.417766474447577,-9.690698432572434,-6.554120839272664,7.25136486980178,-8.71897220390769,-9.6209373561874,-10.082200397526456,-9.56804335712275,-7.296873774630407,9.485736633316446,9.849979735942954,9.62353061875678,9.362434711342626,9.047969885443226,8.832167443984321
B,-8.52801420687264,-9.392546510968229,-9.224498591411582,7.776503784284958,0.0,-7.051522591603644,-7.0723389448753355,-8.454523419175684,-9.145069641397408,-9.694588101603975,-9.547370467441207,-7.982921747387366,8.737212021991477,-7.18818352163226,8.466477985108185,-5.922315302254224,-9.227112738700459,-9.894843409310594,-9.805984037799094,-8.866893907987638,8.825071885390159,9.467239588653795,9.507009389027958,9.385825930823506,9.22813449121797,8.919499136838292,8.417149287513187,6.838667599212345,-8.109093853524872,-8.163141913726962,-7.640728155516643,-8.968452717151797,8.365954865973533,6.194695689868709,-9.030145256727572,-9.856059894533825,-9.884143511583767,-9.198432372086568,8.49815133049274,9.774397028792633,9.975017029185095,9.88229567540462,9.63321148574065,9.28346396391222,8.49308487747122,-7.291048783361152,-9.089800296577488,-8.838301790968984,-7.888924498040043,-8.688220985991226,-7.888383716077114,8.398063330768796,-8.518231629274805,-9.726406478563788,-9.988033982355644,-9.34559699138206,7.680949188100731,8.820689554452839,8.689436380534087,8.58783992052134,8.396399188017648,8.178046812503359,7.963041962804385,7.687998907740066,7.354237638187097,6.798056563998833,5.63714540742325,-3.827782824190435,-6.598179036324748,-7.194764084334893,8.608890356980012,9.871148347672412,10.156680837517131,10.129368780592317,9.94354471417252,9.688401795691025,9.27148640268085,8.090713693439803,-8.567940302418704,-9.143517575410602,-9.202524084518533,-9.531235198863733,7.42821039241817,8.24090042627917,-8.225492897000613,-9.448904193162782,-9.977231456026582,-9.385761729106694,6.812596862721114,9.652037371287335,9.968380368140435,9.769913405758404,9.548641412249262,9.295066747768189,9.13065302313854
C,-8.26893250557793,-9.291459487206106,-9.10375406995092,8.171186977911589,7.051522591603644,0.0,-3.2302878723206985,-8.1726313314586,-9.013659015352344,-9.620854165541969,-9.461425689143141,-7.482605450878646,8.907086538325688,-5.1362813378699625,8.683785186567524,6.662289613563274,-9.106703116509069,-9.834900676465848,-9.740284133174061,-8.689396923692687,8.981718730968272,9.552707116274252,9.589277643547168,9.478217297954435,9.33548720601182,9.062994962403378,8.644284768833955,7.643416836000946,-7.6829201491458985,-7.764541833776696,-6.832649340329325,-8.809538631194414,8.603706502946284,7.4047385290661465,-8.881483064943726,-9.793671225671892,-9.82353601480213,-9.074292763152716,8.709350643301963,9.837962061063159,10.02732385964429,9.93954155405158,9.706072072435257,9.385322906499075,8.705250744203482,-5.747778307290591,-8.950377191535942,-8.65515512859693,-7.322483129516622,-8.471988005887088,-7.321530086117233,8.629106857537863,-8.256238772637122,-9.655066057186161,-9.933573010664393,-9.239383498665262,8.10780754722664,8.977973663221691,8.866926853429526,8.782572119858571,8.627785499475822,8.458611413687946,8.300631273876965,8.112413410238348,7.907070063329443,7.625457899508832,7.26841484229982,7.011803697395937,6.044666196613595,-5.1863863187681964,8.799930517735177,9.92901775209594,10.200486076532433,10.174359768159414,9.997479597128088,9.757482404636148,9.37451121658673,8.393358937415567,-8.32036749640086,-9.011888778837596,-9.078924121081753,-9.443829317953123,7.950297185306418,8.506449440178272,-7.856066697908729,-9.35362934561178,-9.92216239088079,-9.283950175445586,7.631849177871524,9.723586627580506,10.021026485833454,9.833755117517553,9.62768407908274,9.39580754687464,9.248374305468031
N,-8.262686910782566,-9.289217453955889,-9.101048497444413,8.17802924839967,7.0723389448753355,3.2302878723206985,0.0,-8.165751953597187,-9.010697968186319,-9.619241887671652,-9.459534480901285,-7.4688434070914465,8.910370199127026,-4.982196770429926,8.687888726739416,6.692861690403143,-9.10400559590431,-9.833599280293313,-9.738853497582245,-8.68529958048975,8.984766606071643,9.554429976838655,9.590938922471818,9.480073533582232,9.33762791780512,9.065805274918578,8.648553327975325,7.654986710696837,-7.671669409643377,-7.754177778057979,-6.806117533329091,-8.805905972276527,8.608151405466716,7.419407123395969,-8.878103002424059,-9.792315015028759,-9.822219734548232,-9.07150625882404,8.71335086439966,9.839257795565599,10.028396182991209,9.94071221581449,9.707550360688334,9.387359359101284,8.709267685371268,-5.6671403708974815,-8.947222447372587,-8.650914665426496,-7.306310831177707,-8.466892997560592,-7.305342240225605,8.63343990225326,-8.249913012344601,-9.653508060912351,-9.932393966394496,-9.237021554787997,8.115095683902092,8.981032302376795,8.870344906186512,8.786290453151462,8.632124965899624,8.463748706656979,8.306645139570177,8.119668218698665,7.915971240781835,7.637237322108617,7.285206549553722,7.033454852705239,6.100642189841162,-5.040413517503067,8.803584406009477,9.93020078144169,10.20138774623537,10.175285540849126,9.998584396873213,9.758886666109348,9.37657010091149,8.398841654194559,-8.314435871678164,-9.008922518355465,-9.076150453675508,-9.441904678492985,7.958823337174015,8.511347348231423,-7.84661339838353,-9.35152262618977,-9.920969807863715,-9.281691300753822,7.643545880959348,9.725039256098277,10.022105579654907,9.835056335723866,9.62928283065876,9.397823094952429,9.250709661984974
O,-5.883682272928384,-8.896088285545371,-8.6028792509722,8.864915373898093,8.454523419175684,8.1726313314586,8.165751953597187,0.0,-8.449528683093002,-9.353077756819518,-9.139117806926343,7.4769182547075665,9.29887942996789,8.123727459321014,9.153559826835611,8.371934713574081,-8.60774111235713,-9.624606234164935,-9.506490101371947,-7.782369555498646,9.349923860970287,9.777040721075952,9.806368937956453,9.717971631604655,9.60742369682333,9.406861379165852,9.12904986142017,8.635600981606187,7.224537101499614,7.0800879163009345,7.86940526239912,-8.05711605558557,9.104255402642023,8.553604247461346,-8.204070894021145,-9.573476861847613,-9.610563016207095,-8.55378684052003,9.169618414774357,10.011137479139574,10.172684747429306,10.097238947804513,9.90141758885447,9.645617152560979,9.16703299549249,8.080286813945044,-8.33546660988001,-7.695305859661942,7.615640630811923,-7.120730209663656,7.616349424765673,9.119729630577881,-5.736336227812361,-9.397563979246952,-9.745030896166819,-8.817747312280211,8.833745977502943,9.347333898336883,9.271915273419975,9.216449489740599,9.11892116932486,9.018835841935083,8.93169291674423,8.835977314880521,8.741627611724663,8.62897999209737,8.512367241693248,8.44490291269438,8.284885324231526,8.121133336624409,9.227731602371346,10.088257384589525,10.324101321045319,10.301048291279903,10.146930602087624,9.943895940893354,9.637293616667492,8.982094713358794,-6.3368538550232865,-8.446414727887255,-8.561568631122599,-9.11474704257257,8.760620904389238,9.046434842327121,6.869332625709999,-8.987069209665316,-9.731236311843105,-8.884916880710394,8.631325441783202,9.915846478743624,10.167241667444793,10.007600597205629,9.837395543979744,9.653708667192742,9.54175111311181
F,8.369792432221875,-7.875300823059122,-6.653445745568725,9.371699074210001,9.145069641397408,9.013659015352344,9.010697968186319,8.449528683093002,0.0,-8.833812287399804,-8.442615289232963,8.770075380318962,9.654875008340968,8.992861190292453,9.555339301709783,9.104520180733315,-6.687106551671438,-9.255382923822433,-9.079644336516363,7.730141388165149,9.690901707926669,10.012175581688073,10.035429131478992,9.965775825988976,9.88056014184219,9.73171884076569,9.539005469386414,9.239936594953088,8.7069162775924,8.675895257570806,8.8939678193186,7.324947328376666,9.52261896475737,9.19596546551403,6.92566147975626,-9.180545969002704,-9.235003579443026,-6.243170444833707,9.566113051850811,10.201554014193043,10.336896588948118,10.273248101988335,10.11174134525565,9.909756731983961,9.564374927226387,8.974875165906521,6.224006243298329,7.814344678009726,8.810096294936846,8.142213532116156,8.810311163950578,9.532829731285345,8.381131301578675,-8.90749003096634,-9.425236316690752,-7.64068325971781,9.353038336223754,9.6890604999303,9.63606348452563,9.597855040640779,9.532294742474848,9.467230185289203,9.412459201821447,9.354366230910193,9.299261194237824,9.236323871528567,9.174484819382172,9.14025856438279,9.063622784014015,8.991774079209982,9.605573551268899,10.26572154427889,10.466804755688592,10.446848333317067,10.315085266245676,10.146299934687946,9.90337179316457,9.443921823913271,8.320899447173696,2.742684342860863,-6.3189750507272295,-8.393094981318752,9.310180342830579,9.484944195336785,8.636605264510438,-8.109859113343342,-9.406193545450508,-7.843982273719413,9.237603610721218,10.123449346327229,10.332279509814187,10.198631272565043,10.060182001233622,9.915975703857956,9.83098067076955
Ne,9.321536215071113,8.35041136423729,8.71406601894471,9.831586643420186,9.694588101603975,9.620854165541969,9.619241887671652,9.353077756819518,8.833812287399804,0.0,7.706488405667818,9.495523633230142,10.019448346471803,9.609575427227874,9.951386060171497,9.671382879614763,8.709695982057648,-8.1885010626608,-7.556660701546226,9.120122734847667,10.044606032991593,10.280473757104602,10.298303870136756,10.245188243572601,10.181424795041494,10.073436077949538,9.940423141773923,9.750440159665503,9.465445393119682,9.451036540912686,9.557419030683906,9.033495269527208,9.929484273135232,9.724281832368657,8.97201529040801,-7.9533357904012645,-8.1280832770891,8.75603858611423,9.958649264970534,10.428406169376938,10.537721403819907,10.485958743477752,10.357485808549452,10.203117064904907,9.957475738202618,9.599908740582752,8.904646647335602,9.141768242895385,9.515097973726498,9.239696995844195,9.515204268998751,9.936293556489108,9.325929132565474,-6.264727011340198,-8.619014072716034,8.47266110038578,9.819845743394069,10.043313520719197,10.006421683736791,9.980196002648725,9.935936214530813,9.892953546966616,9.85751343028541,9.82067854064028,9.786467111926072,9.748273594762603,9.711672808051238,9.691813878343172,9.648387361114564,9.608988900437529,9.985468503466686,10.479879176601287,10.645215066528744,10.628546885046918,10.519913860937056,10.384616158642347,10.198359344147738,9.877788187805542,9.302942838879563,8.835927171039241,8.749635864949694,7.802589104267377,9.79318929959381,9.90456134825401,9.433129817800896,8.17083186810136,-8.575854523354923,8.369401733552795,9.749040772251885,10.36665479010725,10.533945980444775,10.426077322792848,10.317389059588212,10.207758570060756,10.144965437906256
Na,9.099902120421529,7.605987974224668,8.260033451613733,9.704471727064929,9.547370467441207,9.461425689143141,9.459534480901285,9.139117806926343,8.442615289232963,-7.706488405667818,0.0,9.31274634909286,9.915283369652295,9.448184591970723,9.839458743607599,9.520434791011725,8.253143318697878,-8.669235571819703,-8.327283415027242,8.841534976457101,9.943164760265306,10.201217472998026,10.220504149504192,10.162965196546716,10.093543396213974,9.975024315223804,9.827189473746056,9.611801277458662,9.27652574123252,9.259094179704398,9.386606378416019,8.725405237072842,9.814931109865183,9.581694099841295,8.640780166714466,-8.530459488712594,-8.6323100563484,8.32535154276884,9.847578699121245,10.36042836796002,10.477001027765747,10.4219070674633,10.284324563802988,10.117204631529617,9.846267167318972,9.436815161252035,8.545663351687276,8.870036197768684,9.336200847892117,8.996676002339266,9.336327926192027,9.822563673300612,9.10538174097843,-7.9184182433386185,-8.956435126390494,7.847958569692274,9.691128742756257,9.94173420516942,9.900816222426942,9.871626408550632,9.822163281088635,9.77387432642963,9.733861681488408,9.692075885704151,9.653076663267683,9.609312175652983,9.567138367298865,9.544155603221888,9.49364191404988,9.447495364793939,9.877501799822852,10.415424037957902,10.590854654094407,10.573246833261994,10.45806809154938,10.313484201823993,10.11201923253004,9.756774622184313,9.076641158913894,8.445740240250295,8.315485086180617,5.4170150735639355,9.660754407195068,9.786940489763847,9.237357177367516,7.181258216753379,-8.925827146661751,7.645557517774165,9.610193673388446,10.29418611352235,10.472988811465743,10.357935313327356,10.241117666201488,10.122261768807114,10.05366733425147
Mg,-7.661487971346963,-9.112632237652459,-8.883655510614034,8.577988379030788,7.982921747387366,7.482605450878646,7.4688434070914465,-7.4769182547075665,-8.770075380318962,-9.495523633230142,-9.31274634909286,0.0,9.122599284991635,7.382612553684817,8.946664644522473,7.847061162728349,-8.887329085670533,-9.734973007996505,-9.629872893373022,-8.33416751110121,9.183191183522228,9.671468889844988,9.704010097558724,9.605601776423834,9.481055180021588,9.250120813713451,8.91643489763414,8.25912853549541,-5.979097595289893,-6.362536452034682,6.745496887859838,-8.50146272207408,8.885675448030467,8.13728510187546,-8.598144748945328,-9.689310465930156,-9.722406609626288,-8.846805596692164,8.966378211732176,9.928539550054172,10.102849773279132,10.021719072992932,9.808783805983246,9.524283377540335,8.963209404247124,7.289181655607442,-8.688611428665585,-8.284957178581069,5.575583783642556,-8.007414148829664,5.581041442602044,8.904894006316116,-7.638062584801123,-9.534216221204462,-9.843471413414697,-9.050033656260029,8.536241765201568,9.1801304381973,9.09035256816817,9.023467174195616,8.903891504329165,8.778228860373948,8.666005819664594,8.539244824874183,8.410116572204052,8.2494661827392,8.07406899816892,7.967459170447785,7.695175350521239,7.377159328332387,9.037134634981108,10.012029935919687,10.264378125323534,10.239888840142877,10.075206567791469,9.855290941502762,9.514881383440942,8.73125510233494,-7.753968393725387,-8.767816546444827,-8.85261670579371,-9.292300414476657,8.436478226544487,8.813205432552495,-6.691446882910064,-9.18653610448001,-9.830978190854182,-9.103645848286162,8.252895727890943,9.824602594493395,10.09701169401855,9.924697567611968,9.738324294310946,9.533414047469234,9.406197340180682
Al,-9.331132129650793,-9.810720766894187,-9.70333359164705,-8.25519853123241,-8.737212021991477,-8.907086538325688,-8.910370199127026,-9.29887942996789,-9.654875008340968,-10.019448346471803,-9.915283369652295,-9.122599284991635,0.0,-8.929726190839611,-7.298956051902633,-8.795245336932576,-9.704953579095292,-10.168055576954503,-10.101168894429039,-9.4972257911423,6.351197382580386,8.809810331657124,8.885190904373838,8.64624490251066,8.281478733865539,7.128368542687655,-7.442792761487777,-8.575132849834167,-9.16472210244092,-9.183862456898424,-9.025306335709859,-9.552577708029355,-7.566976930829449,-8.65545144210018,-9.587445172917347,-10.138681658364991,-10.159924208942064,-9.687265441026469,-7.189777886970021,9.336830902406664,9.632564196409472,9.499355421553878,9.108736341768676,8.418286415238958,-7.208304597290434,-8.948534723497486,-9.622046901504223,-9.482104735696808,-9.093478023295889,-9.406081563350178,-9.093315961950797,-7.491666436220327,-9.326762331148036,-10.042542213480374,-10.23974435013857,-9.780065250419216,-8.310127993392323,6.297914871201845,-5.675616591081264,-6.763297561410086,-7.495774779041978,-7.889687980716696,-8.11931017235178,-8.306348162110464,-8.448635193757513,-8.58211901135585,-8.691288174036735,-8.74440270564298,-8.848403220836369,-8.930882987461942,-6.621852820470284,9.482964236848717,9.879868193324848,9.843686169163316,9.587947817733848,9.200284654760077,8.389595810576036,-7.995469760098485,-9.349213485152596,-9.65394309176123,-9.689777213185106,-9.904142690071696,-8.422596478864113,-7.799157891217958,-9.206780398562346,-9.848173103133366,-10.231355826086343,-9.80625963306478,-8.579652298097725,9.140340794549163,9.623204372464812,9.329877437900493,8.961382096267615,8.44562999095588,8.007881587659584
Si,-8.224619692480315,-9.275746243342788,-9.084765363385394,8.21787589948989,7.18818352163226,5.1362813378699625,4.982196770429926,-8.123727459321014,-8.992861190292453,-9.609575427227874,-9.448184591970723,-7.382612553684817,8.929726190839611,0.0,8.712009953784904,6.857957041953462,-9.087770639399702,-9.825805227024269,-9.730281547603925,-8.660517227365833,9.00274724261069,9.564641762503522,9.600786017802779,9.491068854200028,9.350295929495969,9.082397568744982,8.673629938927947,7.721322621866957,-7.601836310006095,-7.6900568704813965,-6.631425676636055,-8.783970445074406,8.634248847980722,7.502647977196153,-8.857711026517961,-9.784191117663955,-9.814336129405266,-9.054730486405443,8.736872847725241,9.846948100331295,10.034765657605906,9.947663103178677,9.716318471627519,9.39941688738191,8.732884687862926,-4.972670374515557,-8.928205503768137,-8.625254544320992,-7.2040582217006195,-8.435966380720537,-7.202987094856432,8.658894036029135,-8.211346877486438,-9.644168831489846,-9.92533570390179,-9.222823071998937,8.157474558596268,8.999079669727294,8.890483444633215,8.808175713005364,8.657612024646491,8.493839238744044,8.341765702219893,8.161859215821025,7.967452781058079,7.7047204723252,7.379852612447354,7.153624665381179,6.381706460716658,-2.2762455221989257,8.825098550562762,9.937224908361669,10.206748124342228,10.180787044514368,10.005145719158582,9.767217835750259,9.388757461222818,8.430918884427166,-8.278323496105395,-8.99105384842589,-9.059453051582409,-9.430351830214292,8.008198956793889,8.540058722205739,-7.788321842694852,-9.338870015962957,-9.913830158121934,-9.268117332869386,7.71062759449709,9.733656067169974,10.028514904088443,9.842778788807715,9.6387614667802,9.409755657644485,9.2645203582476
P,-9.190764378024696,-9.726175143657407,-9.608736478806467,-7.7705693166472996,-8.466477985108185,-8.683785186567524,-8.687888726739416,-9.153559826835611,-9.555339301709783,-9.951386060171497,-9.839458743607599,-8.946664644522473,7.298956051902633,-8.712009953784904,0.0,-8.541889698046141,-9.610517051763617,-10.109672338043229,-10.038618140810483,-9.379657751605995,7.626050223203338,9.009129990525263,9.071302148078473,8.877172187601623,8.59928668485545,7.91007562869769,-5.437020188330919,-8.248136553288848,-8.99669061426045,-9.019293684384982,-8.82951977402308,-9.441705169578176,-6.121465178096116,-8.357870279970916,-9.480582428536056,-10.078504623467444,-10.101049986805155,-9.591059938792966,5.036621757298227,9.459240744010067,9.725033764018571,9.604331473896863,9.260237282919881,8.70066260067357,4.860998716363149,-8.735340379846518,-9.519012511287626,-9.362634077436056,-8.91184275188949,-9.276536803120749,-8.911648501334225,-5.7534620718438525,-9.185734307492615,-9.97608644986631,-10.185511635444596,-9.692769664549061,-7.858281279528774,7.61144279596203,7.080099250634706,6.420423306220277,-5.7766132313640215,-7.0832672390608336,-7.539531420755207,-7.852339262240664,-8.068071434500233,-8.257811652382367,-8.40583398866289,-8.475893505097408,-8.609864419460786,-8.71344773523888,6.590879543031312,9.58958584436912,9.952796782839226,9.919202787339215,9.684439172493878,9.339410758454898,8.679107696526469,-7.3063498087212615,-9.211542453895659,-9.55430996067394,-9.593825012630623,-9.82743508848571,-8.029741647738774,-6.867759003746741,-9.046256568915904,-9.766865450494938,-10.176653540266395,-9.721319677296403,-8.25439887402976,9.287459145115516,9.716504121513543,9.453090828553954,9.134956678072337,8.721348289123595,8.407891612624388
S,-8.45150718887757,-9.361028638591085,-9.187104116892492,7.921608019130828,5.922315302254224,-6.662289613563274,-6.692861690403143,-8.371934713574081,-9.104520180733315,-9.671382879614763,-9.520434791011725,-7.847061162728349,8.795245336932576,-6.857957041953462,8.541889698046141,0.0,-9.189817511882756,-9.875889488187603,-9.785250514183625,-8.812983293916734,8.878351671921077,9.495626179819268,9.53430388982731,9.416583464427847,9.264052166075086,8.968092330844566,8.49622761133619,7.174356959087166,-7.990336399059477,-8.050996792067442,-7.44365472126897,-8.919877037538807,8.449018973358369,6.759736409237786,-8.984543042187763,-9.836349100810798,-9.864983830845825,-9.160030970398958,8.571296215745523,9.795354454529603,9.99219755595988,9.901129449127378,9.657308361131138,9.317481294107615,8.566588465675913,-6.998357731541823,-9.046896427167553,-8.782783301779128,-7.738618790905279,-8.623415460779794,-7.737990269669282,8.478606249531929,-8.440942918929126,-9.703936172374393,-9.970781310398351,-9.31253865675166,7.839506025399137,8.874197861888966,8.750224813107536,8.654915426926795,8.477070117316261,8.27745376723324,8.08489285342217,7.845524604340942,7.567903232684708,7.145493861965056,6.4814758334470985,5.7939672436027765,-5.890218692980512,-6.867102489059448,8.674613899252344,9.890191395560507,10.171027751609483,10.14410975151509,9.96126941018788,9.711220018494553,9.305906749402212,8.198719527426778,-8.494540031747055,-9.102904055788049,-9.164282644427594,-9.503855259331278,7.628068915198298,8.334526185379977,-8.120496054058588,-9.419139603223284,-9.95978975771821,-9.354025738823871,7.155802921016696,9.675690603575063,9.985674155981567,9.79096396238517,9.574837656156687,9.328697963692921,9.170176866213573
Cl,8.540077341955715,-7.512333114902758,3.315874456167635,9.437640364607812,9.227112738700459,9.106703116509069,9.10400559590431,8.60774111235713,6.687106551671438,-8.709695982057648,-8.253143318697878,8.887329085670533,9.704953579095292,9.087770639399702,9.610517051763617,9.189817511882756,0.0,-9.175720215945859,-8.983922082199346,8.03168553973526,9.739250506527767,10.047470301592533,10.069926621781535,10.002716517240847,9.920721610365087,9.778178169727816,9.59506690985487,9.314825049574083,8.831357528141368,8.804016311003087,8.998245186782928,7.748759516466984,9.579580751098787,9.274092356803406,7.506078372896945,-9.09441885235756,-9.15363233512604,5.664716439024086,9.620715423308488,10.230848072609197,10.362529163651024,10.300542414232268,10.143744040184894,9.948784454129266,9.619069254488466,9.071426789705342,7.174510701328787,8.094641625710105,8.922999967497022,8.351732555249098,8.923192065709847,9.589228873012253,8.549649044284928,-8.792716355607817,-9.358443883561414,-7.154741539403461,9.420180909707117,9.737496319624276,9.687069366167563,9.650795801915887,9.588723229439886,9.527340408557286,9.475848466598586,9.421422626919146,9.369985139624951,9.311473544683865,9.25424204237015,9.222681417083262,9.152327478258396,9.086781892612494,9.658117770177457,10.293219713312116,10.489349563941056,10.469842385455694,10.341275705560074,10.177232151244224,9.942644594822298,9.505407051680569,8.498999449766945,6.7050573980927926,5.51339567489741,-8.192977052256687,9.380162499170003,9.544029311327517,8.76953362795586,-7.834436205124627,-9.338072274129335,-7.4669938687033595,9.312660691665249,10.155085689352166,10.35802948467271,10.228009661868475,10.093850157258316,9.954766460874142,9.873141048120468
Ar,9.600655569629618,8.965749191579258,9.178464832587553,10.008333382939307,9.894843409310594,9.834900676465848,9.833599280293313,9.624606234164935,9.255382923822433,8.1885010626608,8.669235571819703,9.734973007996505,10.168055576954503,9.825805227024269,10.109672338043229,9.875889488187603,9.175720215945859,0.0,7.430635433593917,9.452160322790036,10.189776430691694,10.396841637686089,10.412728619792079,10.365493821333368,10.309165673738471,10.214759225659094,10.100321936059606,9.940788535301055,9.711376089195562,9.700126127454173,9.784005629369794,9.390778356081013,10.09100707108807,9.919213304663826,9.34816899814378,6.627079827451979,5.356689733213769,9.205050002793325,10.115875638001198,10.529552910559028,10.628856343869135,10.581710759478808,10.465677969898696,10.328281077766102,10.114872620414628,9.818025050958441,9.30241292565548,9.46773750349769,9.750411489891983,9.539373874974489,9.750495293044095,10.0968036485553,9.603980397201447,8.030937640045769,-7.569207790965392,9.033669644174184,9.998503942783623,10.188658873715498,10.156837951197431,10.134316457805136,10.096499509346152,10.06001058264725,10.030105286404519,9.99920066631418,9.970663093934006,9.938997686275382,9.908849116222083,9.892573125503036,9.857187094398924,9.825332808334695,10.1388373631097,10.576187645012002,10.727432748559778,10.712090305864931,10.612612803662667,10.49005963543396,10.324084216615747,10.047192860226684,9.586622558471323,9.256770650097696,9.200968358354414,8.707029122137012,9.97625762192664,10.069841134125364,9.68619544873391,8.872713180585281,-7.440591216367866,8.976057454482707,9.939631736410044,10.47391062186805,10.625410587011356,10.527448605281737,10.429767918434656,10.332378040375273,10.27714940427936
K,9.479495751368141,8.723290966019096,8.987245841019622,9.929394480347716,9.805984037799094,9.740284133174061,9.738853497582245,9.506490101371947,9.079644336516363,7.556660701546226,8.327283415027242,9.629872893373022,10.101168894429039,9.730281547603925,10.038618140810483,9.785250514183625,8.983922082199346,-7.430635433593917,0.0,9.310164715953723,10.124375035892395,10.34400215121591,10.360743908691502,10.310924867772236,10.251341738060976,10.151024166450034,10.028575919145712,9.856093424334162,9.603626179971446,9.591088392687446,9.684194295403284,9.239077406455191,10.01856450333794,9.832588710115878,9.189311632282376,-6.837982716626749,-7.296993245440517,9.019344122903359,10.045276745940386,10.483434322856148,10.587189599928536,10.537987963746955,10.41644148239275,10.271583465439964,10.044200476334197,9.721718315003415,9.135462443751782,9.328097122129307,9.647007240917972,9.41003994956544,9.647100455052115,10.024795245480671,9.483247929937983,7.23615484573416,-8.19519135978861,8.809068122956925,9.918753357260503,10.123181888066167,10.089170853656961,10.065053255046733,10.024468378473943,9.985199745991881,9.952933543803702,9.919507645929212,9.888565945977419,9.854144057949318,9.821281264877804,9.803502438917223,9.76475525730526,9.729761491762487,10.06989762267642,10.532217306706281,10.68975208589946,10.673815780893907,10.570249059617982,10.44203789854867,10.267141215007959,9.9713796241138,9.463640311610245,9.081298648473842,9.014427386726828,8.380083861159411,9.894637773849661,9.995790166705364,9.57554010659875,8.603137804870274,-8.128478224290143,8.736409110403033,9.854834317171713,10.425087733310987,10.58359722572352,10.481230577866311,10.378684309673684,10.27591889778788,10.217386468141436
Ca,7.620615210194492,-8.498295974914809,-8.0230200863025,9.156532345604214,8.866893907987638,8.689396923692687,8.68529958048975,7.782369555498646,-7.730141388165149,-9.120122734847667,-8.841534976457101,8.33416751110121,9.4972257911423,8.660517227365833,9.379657751605995,8.812983293916734,-8.03168553973526,-9.452160322790036,-9.310164715953723,0.0,9.53927667655114,9.904555008335203,9.930417226728768,9.852744648965535,9.756827302659632,9.586620831690096,9.360156236614642,8.990374299081779,8.234737434646043,8.184519235567171,8.519780271799476,-6.632300649759935,9.340528545585691,8.933579149277753,-7.137960231694946,-9.391108580883103,-9.435451789351166,-7.933585328140869,9.392487469333176,10.113347258886877,10.260294670719748,10.19140052773092,10.014831413503844,9.789806400304816,9.390419128835722,8.635350864063012,-7.479979799338246,5.302990373890748,8.395396153745704,7.0575467197610795,8.39572161631825,9.352766617939563,7.6444480425960535,-9.17595835123468,-9.593713427020827,-8.37933032410332,9.133339441786218,9.537133749565443,9.475166596722772,9.43013606203906,9.352126096017686,9.273700545206495,9.206835489458904,9.134993514381499,9.065894615339042,8.985735425943597,8.9055628085332,8.86053499916067,8.757855243007887,8.65900125361757,9.439257748240305,10.183229711342378,10.399854753319616,10.378501648446624,10.23672626059209,10.052840437573172,9.782604395473335,9.24534333613947,7.514216496522121,-7.723738947269731,-7.948008001886422,-8.808577235295344,9.079663961021813,9.295156152638208,8.119472047544733,-8.630885781964917,-9.577647083861606,-8.481620379825282,8.98737916289896,10.027723436147983,10.255309502156617,10.110154924661167,9.957873646811883,9.796815533262615,9.700530475728007
Sc,-9.380595910136673,-9.841627893463775,-9.737685036954927,-8.393839678316716,-8.825071885390159,-8.981718730968272,-8.984766606071643,-9.349923860970287,-9.690901707926669,-10.044606032991593,-9.943164760265306,-9.183191183522228,-6.351197382580386,-9.00274724261069,-7.626050223203338,-8.878351671921077,-9.739250506527767,-10.189776430691694,-10.124375035892395,-9.53927667655114,0.0,8.720536667947146,8.802674987218813,8.540238803880042,8.12499540113847,6.514211472257192,-7.7317951670311285,-8.677683841374499,-9.222885861422245,-9.240954401478394,-9.091887783234444,-9.592408798982365,-7.826230214618759,-8.750451754980825,-9.625937457759225,-10.161042879566978,-10.181820316400916,-9.722163850884805,-7.548549279625856,9.28509605105743,9.594330754565574,9.45555321708918,9.043304400512621,8.28323024135506,-7.561526416116415,-9.02024338089721,-9.659254228635849,-9.524782793658645,-9.155805333440155,-9.452054280566049,-9.15565315144874,-7.7686241333523505,-9.376437438840563,-10.067132178939172,-10.25997747771271,-9.811919537777046,-8.441823574658073,-3.425641350680326,-6.761396958749529,-7.270780046674939,-7.771741305859197,-8.08388116750911,-8.276619357960495,-8.438513217944918,-8.564244140052953,-8.68399121927257,-8.783093004883824,-8.831659742658958,-8.927372504915624,-9.003822622857037,-7.18804597853784,9.438422538228851,9.850137473965136,9.812842961956143,9.54793450862777,9.14075027621244,8.25032211476357,-8.171786928560492,-9.397812021976812,-9.690002764318505,-9.724589582489221,-9.932331631892756,-8.541081079997966,-8.009937039864797,-9.262614320239239,-9.87796101373802,-10.251757641682177,-9.837303000804962,-8.681764025752734,9.077010505058373,9.584604763562313,9.277771914968675,8.88515614864878,8.314466921375445,7.796620075838342
Ti,-9.797156915200143,-10.123697565430188,-10.046320541400236,-9.26352303154179,-9.467239588653795,-9.552707116274252,-9.554429976838655,-9.777040721075952,-10.012175581688073,-10.280473757104602,-10.201217472998026,-9.671468889844988,-8.809810331657124,-9.564641762503522,-9.009129990525263,-9.495626179819268,-10.047470301592533,-10.396841637686089,-10.34400215121591,-9.904555008335203,-8.720536667947146,0.0,6.264442276580067,-6.919587420627972,-7.919580192285487,-8.604069000815656,-9.036719981191071,-9.39240376607174,-9.696015051559732,-9.707310955972575,-9.61643241372315,-9.941726577481807,-9.063223504433855,-9.428672887024206,-9.965486265456926,-10.373545393120407,-10.390378431028994,-10.034944422942091,-8.990249161744869,8.444566553627224,9.054253429536372,8.802743459764022,7.755862888723726,-7.6831797594328215,-8.993333692503116,-9.574653873892942,-9.989324022237433,-9.894518550946092,-9.65475203548977,-9.844839131278725,-9.654659585659699,-9.046842685920499,-9.794417135305236,-10.298308906078667,-10.454282134668254,-10.10137292417325,-9.283913530675273,-8.725379524222008,-8.852281297573706,-8.931174069976485,-9.047711849009138,-9.145082665721707,-9.216059206398675,-9.282488638800867,-9.338500096424195,-9.39549512071124,-9.445372193944129,-9.470711203540203,-9.522366836497097,-9.565254836928599,-8.915967037089514,8.76957147748305,9.459892094322527,9.4042926629479,8.9732567739512,8.071311721934599,-7.740493859941612,-9.176383044233592,-9.808540822525558,-10.011523505118458,-10.03671920598762,-10.192858980749055,-9.327887461511931,-9.120109082425248,-9.72095274827055,-10.151222194984099,-10.447518805620591,-10.120436802098695,-9.394402399290346,7.872948947173486,9.0375034662864,8.42750900191676,7.000767378519136,-7.623620669715096,-8.215033079136841
