element,0,1,2,3,4,5,6,7,8,9,10,11,12,13,14,15,16,17,18,19,20,21,22,23,24,25,26,27,28,29,30,31,32,33,34,35,36,37,38,39,40,41,42,43,44,45,46,47,48,49,50,51,52,53,54,55,56,57,58,59,60,61,62,63,64,65,66,67,68,69,70,71,72,73,74,75,76,77,78,79,80,81,82,83,84,85,86,87,88,89,90,91,92,93,94
H,-0.0,-0.1461168171585488,-0.1070632524942018,0.15647150007481028,0.10633113625280592,0.0820573116568007,0.08154628102774297,0.007535579130064701,-0.09076760543152933,-0.23514175536153392,-0.18839338485973048,0.044690415746796566,0.23740921926832267,0.07849959724955773,0.2063150166554957,0.09849791689364445,-0.10762184629241289,-0.31085597277384736,-0.2753825323647476,-0.04289977845578598,0.2494487226238919,0.37835886216024256,0.38939622566948195,0.3570880087474632,0.3205028431417771,0.2636236449364093,0.20150167557578802,0.12594696955695175,0.03639828068044866,0.03251338544968351,0.06255928897581015,-0.05885408402952016,0.1967509860331488,0.1166234040986317,-0.06936696777120213,-0.2949849316309109,-0.30641568607204434,-0.10157233414833776,0.20953331771385475,0.476175362366169,0.5583447310771,0.5183159196104051,0.42747454486236297,0.332687998457818,0.20901161204883315,0.0754819679844837,-0.0801685575132271,-0.03869273099016074,0.050222304098608804,-0.018479167519627977,0.05025273090762704,0.19970210798005014,0.0010353031747666872,-0.24618221415665026,-0.3516050675346691,-0.13453742752452122,0.15190017976029138,0.2488229306968897,0.23129312941396513,0.21921902030807244,0.19954673207429535,0.1812576279738052,0.1667580884238828,0.15222272317867994,0.139193848727823,0.12516545296352075,0.11221550711098807,0.10538507477275355,0.09091278248796557,0.07831569156411787,0.22162102048150234,0.5137486434537271,0.6483949887139748,0.6337899061820524,0.5443397114070927,0.4456980647767669,0.32999270226983457,0.1749898898467853,-0.004332165181405289,-0.0904618985766048,-0.10242467890915372,-0.18367565647230488,0.14171876817822765,0.18611954663607513,0.027762799567638597,-0.16075395872543727,-0.34668459711109506,-0.14440965225400335,0.12544195185020574,0.4335780055878526,0.5553546633179649,0.47452073108047127,0.40143041756780234,0.33532989421717496,0.3006084162247094
He,0.1461168171585488,-0.0,0.039053574969940746,0.30258827520861453,0.25244792161496393,0.22817413477038484,0.2276630867050794,0.15365243936339404,0.05534921895762216,-0.08902496614619758,-0.042276534772547204,0.19080725441823648,0.38352611576687057,0.22461647272312849,0.3524318441196382,0.24461472828157174,0.03849500422503454,-0.1647391453097048,-0.12926570490060502,0.10321703947725001,0.3955655500880345,0.5244757849946594,0.535513050137161,0.5032048332151423,0.46661956396166965,0.40974046940408837,0.34761850004346734,0.27206385231142227,0.1825151353772663,0.17863023462908267,0.20867614721275332,0.08726277315545809,0.3428678134972914,0.26274020625402134,0.076749794001005,-0.14886805023352323,-0.16029885860790183,0.044544655706193786,0.35565006980771513,0.6222921898303115,0.704461705321097,0.6644327440780843,0.5735913693300422,0.4788049233458689,0.3551284484882918,0.2215988432664906,0.0659482623788097,0.10742401591563247,0.19633920584665948,0.12763765260627477,0.19636955102040887,0.3458188750467609,0.1471520311286275,-0.10006539421028147,-0.20548824007052657,0.01157940547920799,0.2980170251624516,0.39493967867906177,0.37740989866558367,0.3653357926771552,0.34566350733933643,0.3273744056461268,0.31287486785465984,0.29833950445158625,0.2853106315459026,0.27128223696505194,0.25833237296591294,0.25150185796345786,0.23702960275835178,0.22443251178699303,0.36773784794564485,0.6598654709178696,0.794511975293222,0.7799067306497317,0.6904565358747718,0.591814889244446,0.47610966408179733,0.3211067785935791,0.14178465407886393,0.055654836743928314,0.043692042857970514,-0.037558836328995794,0.2878356042914413,0.33223636674955587,0.17387961967060914,-0.014637138438813698,-0.200567681484167,0.0017070017166698327,0.2715587787478287,0.5796948330519951,0.7014714907821072,0.6206375197831546,0.5475472167991944,0.48144671518406434,0.4467252167281239
Li,0.1070632524942018,-0.039053574969940746,-0.0,0.2635346970729062,0.21339433759136822,0.18912054731814895,0.18860950268148372,0.11459881564262248,0.01629563294315878,-0.12807852575896647,-0.08133013236552868,0.15175367944829576,0.3444725209017589,0.18556287785801676,0.3133783193924187,0.20556115331163097,-0.0005585778135150354,-0.20379272027964557,-0.16831927987054573,0.06416346809639549,0.3565119751180938,0.4854221901295478,0.49645934335443553,0.46415113552162895,0.42756597993807405,0.37068678845691855,0.30856482488530707,0.23301025744631054,0.14346159773891323,0.13957666252921833,0.16962256972547574,0.04820916429069552,0.3038142385273505,0.22368663128408062,0.03769622217435167,-0.18792167913670904,-0.1993524335778426,0.0054911785291494085,0.31659649483777436,0.5832386148603708,0.6654081104559854,0.6253791492129727,0.5345377744649304,0.43975132848075715,0.3160749535346637,0.182545261469042,0.026894690150752805,0.0683704441140446,0.1572856236230173,0.08858408058886108,0.1573159688000521,0.30676530007682024,0.10809845921009092,-0.13911897653242292,-0.24454181504046732,-0.027474168141370596,0.2589634501925107,0.3558861037091211,0.33835636757086796,0.32628221770721455,0.30660993236939565,0.288320830676186,0.273821292884719,0.25928592948164547,0.24625708687318523,0.2322286911013775,0.2192788267481416,0.2124483128528122,0.19797602054113442,0.1853789295636258,0.32868427297570413,0.6208118959479288,0.7554583804281103,0.74085313578462,0.6514029410096602,0.5527612943793344,0.43705606921668555,0.2820531968419099,0.10273108199522817,0.01660126461046037,0.00463855954622499,-0.07661241864181895,0.24878202932150048,0.2931827845277619,0.13482604772388865,-0.05369072094232286,-0.23962134461689336,-0.03734661569915432,0.23250519799352978,0.5406412580820544,0.6624179158121667,0.5815839448132138,0.508493656469685,0.4423931331366334,0.4076716550454007
Be,-0.15647150007481028,-0.30258827520861453,-0.2635346970729062,-0.0,-0.050140347934042526,-0.07441414669691446,-0.07492519877290582,-0.14893588581176706,-0.2472390750747163,-0.3916132424705618,-0.3448648244312928,-0.11178104136480953,0.08093775523737191,-0.077971851819361,0.04984354833659217,-0.057973554329449124,-0.26409331461131647,-0.4673274410927509,-0.43185400068365115,-0.19937124184994598,0.09297728423049104,0.22188739384133896,0.23292472559467162,0.20061650867265288,0.16403134306696676,0.10715214486159898,0.045030175500977765,-0.030524512411004314,-0.12007316040577978,-0.1239580611539634,-0.09391214086875965,-0.21532552928539442,0.04027951473445758,-0.03984806714117641,-0.22583847166770898,-0.45145639994981435,-0.46288715439094785,-0.2580436298804559,0.05306175937965784,0.3197038940472655,0.40187326275819624,0.3618444195355949,0.27100304478755266,0.1762165122880027,0.05254010511485183,-0.08098948663814698,-0.2366399847079316,-0.19516424314771275,-0.10624908568802069,-0.17495056349671456,-0.10621873978475582,0.04323063710889559,-0.15543616859053844,-0.40265373614061467,-0.5080765358535726,-0.2910089223249162,-0.004571540562136956,0.09235145974928391,0.07482165825473905,0.06274754917499552,0.04307526096043791,0.024786156874855077,0.0102866175250857,-0.004248747153939917,-0.017277622334253326,-0.031306018084346486,-0.04425588239610076,-0.05108639620436455,-0.065558688468066,-0.07815577933776469,0.06514953419793697,0.3572771751348236,0.49192352039507126,0.47731840610724213,0.38786821133228244,0.2892265647019566,0.1735211814212268,0.018518437132385466,-0.16080356503157123,-0.24693341010065215,-0.2588961499081468,-0.340147173212575,-0.014752866479662195,0.029648075743884755,-0.12870855017405755,-0.31722548825937696,-0.5031560654299988,-0.30088112057290683,-0.031029479456337786,0.2771066680249387,0.3988832622073476,0.3180492594761661,0.24495894591233075,0.17885833372653356,0.1441368627076363
B,-0.10633113625280592,-0.25244792161496393,-0.21339433759136822,0.050140347934042526,-0.0,-0.024273808728060287,-0.02478483935711802,-0.09879552135709105,-0.19709871660988346,-0.3414728916143399,-0.29472446060928836,-0.06164069343076701,0.13107809888346164,-0.027831531034662207,0.09998391971338168,-0.007833226772580382,-0.21395296667727395,-0.41718709315870833,-0.3817136527496085,-0.1492308939159034,0.14311760223903094,0.2720277417753815,0.28306508941667596,0.2507568724946573,0.2141717068889711,0.1572925086836033,0.09517050106917717,0.01961583810340669,-0.0699328033485965,-0.07381771321992085,-0.043771782449411024,-0.16518518135135193,0.09041986564828777,0.010292291260115468,-0.17569812373366642,-0.4013160520157718,-0.41274680645690537,-0.2079032819464134,0.1032021077446124,0.36984424198130805,0.45201361069223883,0.4119847833575992,0.321143408609557,0.22635686959713144,0.10268045508838093,-0.030849136201680782,-0.1864996367738891,-0.14502389521367018,-0.05610872728984382,-0.12481020507465974,-0.05607838152925376,0.09337090751585418,-0.10529581015670333,-0.352513388206572,-0.4579361879195301,-0.24086857439087364,0.04556907728739846,0.14249169380286603,0.1249620165272535,0.11288790743946768,0.09321561922764672,0.07492651514800178,0.060426975619573484,0.04589161039142929,0.03286273595838264,0.01883434021764157,0.005884476793807376,-0.0009460372272632002,-0.015418330151654626,-0.028015421020911608,0.11528988271238481,0.4074175230688661,0.5420638683291137,0.5274587699292466,0.43800857515428676,0.33936682677396623,0.22366158797820282,0.06865878468171671,-0.11066327059837422,-0.19679301103695906,-0.20875579140798317,-0.2900068252785325,0.03538746911303567,0.0797884340025632,-0.07856819177042235,-0.2670850711225341,-0.45301571749595615,-0.2507407726388643,0.01911050600139099,0.3272468852029916,0.4490235429331039,0.3681896176045665,0.29509930402709383,0.22899878069237622,0.19427730279522126
C,-0.0820573116568007,-0.22817413477038484,-0.18912054731814895,0.07441414669691446,0.024273808728060287,-0.0,-0.0005110337607175134,-0.0745217351041667,-0.1728249243671159,-0.3171990974135565,-0.27045066640850507,-0.03736686372886611,0.15535190761152198,-0.003557742748382462,0.124257704998695,0.01644057543956362,-0.18967915794921358,-0.39291328443064794,-0.35743984402154827,-0.12495708518784313,0.16739141096709126,0.2963016184749577,0.30733888361745937,0.2750306666954406,0.23844550108975449,0.18156630288438663,0.11944433352376545,0.043889685791720486,-0.045659022245477084,-0.04954389436226435,-0.019498013184308608,-0.14091137262329162,0.11469367437634806,0.034566043299336185,-0.15142431500560613,-0.3770422432877116,-0.388472997728845,-0.18362947321835313,0.1274759100758678,0.3941180507093683,0.47628741942029906,0.43625857755838254,0.34541720281034033,0.2506307568261671,0.12695425553521272,-0.006575332590522508,-0.16222581863076255,-0.1207500490710262,-0.03183493281745086,-0.10053647001155407,-0.03180458715405221,0.1176447898620596,-0.08102201574786057,-0.32823957947851173,-0.43366237919146977,-0.21659476566281335,0.06984287912481772,0.16676561255110972,0.14923581116786863,0.13716170207174186,0.11748941384343549,0.09920030974643886,0.08470077020160709,0.0701654049574468,0.05713653050827437,0.04310813474719238,0.030158270420209615,0.02332775658452426,0.008855464468031553,-0.003741625928409424,0.13956376236150664,0.4316913317969265,0.5663378087735202,0.5517325641300299,0.4622823693550702,0.3636407227247443,0.2479353843281388,0.09293258687635368,-0.08638946817507248,-0.17251921679408388,-0.18448199713375515,-0.26573297469537616,0.05966146756769765,0.10406222851188154,-0.05429439724384235,-0.24281127690838783,-0.42874190876789586,-0.22646696391080404,0.043384668077614,0.3515206939310519,0.47329735166116416,0.39246341272395285,0.31937309920691775,0.2532725758516971,0.2185510978596692
N,-0.08154628102774297,-0.2276630867050794,-0.18860950268148372,0.07492519877290582,0.02478483935711802,0.0005110337607175134,-0.0,-0.07401068703886124,-0.1723138763018105,-0.3166880624794112,-0.2699396314743598,-0.036855854073649004,0.1558629382405797,-0.0030466906629087786,0.12476873562775272,0.01695161319770544,-0.1891681273201559,-0.39240225380159033,-0.35692881339249055,-0.12444605455878538,0.16790244159614898,0.2968125811324996,0.30784991855160465,0.27554170162958586,0.23895653602389977,0.18207733781853197,0.11995536845791076,0.04440067776072972,-0.04514796800749446,-0.0490328534080549,-0.018986947124891566,-0.14040034199423387,0.11520470500540579,0.03507712648739851,-0.1509132843765484,-0.3765312126586538,-0.3879619670997874,-0.18311844258929535,0.1279869475214156,0.394629081338426,0.4767984500493569,0.4367696124925279,0.34592823774448567,0.251141717430075,0.12746533363130044,-0.006064295952427625,-0.16171477782106142,-0.12023900800056335,-0.03132389198737944,-0.1000254316309768,-0.03129354626706844,0.11815574737228597,-0.08051097485948008,-0.32772854884945396,-0.43315134856241205,-0.2160837350337556,0.07035391692167103,0.167276533705172,0.14974685184911918,0.13767274275539715,0.11800045453890239,0.09971135045560198,0.08521181092343551,0.07067644569296155,0.057647571257559635,0.04361917551417149,0.030669311207128583,0.02383879738688178,0.009366505284559875,-0.003230584980526247,0.14007472256690864,0.43220236242598403,0.5668487076862319,0.5522435990641752,0.46279340428921556,0.3641517576588895,0.24844642383160395,0.09344362495272915,-0.08587843059945917,-0.17200817575942476,-0.1839709561256428,-0.2652219859214145,0.06017250520032406,0.10457326929205571,-0.05378335644907564,-0.2423002358459637,-0.42823087813883826,-0.2259559332817463,0.04389535261532798,0.35203172456010967,0.47380838229022193,0.3929744530568817,0.3198841394971407,0.2537836161554296,0.21906213822822967
O,-0.007535579130064701,-0.15365243936339404,-0.11459881564262248,0.14893588581176706,0.09879552135709105,0.0745217351041667,0.07401068703886124,-0.0,-0.09830318926294922,-0.24267737025724878,-0.19592897694013173,0.03715483487369275,0.22987362718792143,0.07096400705042427,0.19877942457509445,0.09096230873702793,-0.11515743837281413,-0.3183915648542486,-0.28291812444514874,-0.05043544781634033,0.24191313054349073,0.37082334563126546,0.381860610773767,0.3495523198790065,0.31296716429545157,0.2560879728142961,0.19396606068007322,0.1184114129480282,0.02886270156294087,0.024977806100442573,0.05502374060969236,-0.0663896371985332,0.18921539395274753,0.10908781411500444,-0.07690255729081397,-0.3025205237113121,-0.31395127815244556,-0.10910773845364975,0.20199765026317132,0.46863977028576775,0.5508091389966986,0.5107803047146903,0.41993892996664806,0.3251524839824748,0.2014760218468138,0.06794638889709104,-0.08770409010353461,-0.04622832059598556,0.042686795618936,-0.02601474566932412,0.04271707740617592,0.19216645550221712,-0.006500286514154711,-0.25371785990211226,-0.35914065961507036,-0.14207300306970522,0.14436460048998812,0.24128734081395137,0.223757539486767,0.21168343037708245,0.1920111421484426,0.1737220380554575,0.1592224985126233,0.14468713327567495,0.1316582588333304,0.117629863081398,0.1046799987628787,0.09784941428535464,0.08337719265985456,0.07078010176440779,0.21408542840110112,0.5062130513733258,0.6408595359298278,0.6262542912863377,0.5368040965113778,0.438162449881052,0.3224571234977852,0.1674543669356025,-0.011867745252323288,-0.09799748822937389,-0.10996026857129387,-0.19121124606855627,0.13418318474689744,0.17858395681703615,0.020227331348245756,-0.16828954831743578,-0.35422018919149634,-0.15194524433440457,0.11790613121846531,0.4260424135074515,0.5478190712375637,0.46698510023861095,0.39389482741625953,0.32779430407091,0.29307282610180746
F,0.09076760543152933,-0.05534921895762216,-0.01629563294315878,0.2472390750747163,0.19709871660988346,0.1728249243671159,0.1723138763018105,0.09830318926294922,-0.0,-0.1443741750044564,-0.09762577942820116,0.1354580323856233,0.3281768716562689,0.1692672286125268,0.297082622087025,0.18926550624895846,-0.016854213757705096,-0.22008836734231796,-0.18461492693321827,0.04786783240379666,0.34021632805542124,0.4691265408840579,0.48016371697476234,0.4478555091419557,0.41127035355840075,0.3543911620772453,0.2922691985056338,0.21671460820082067,0.12716591334465308,0.12328101259646945,0.15332692518014007,0.03191352907169945,0.2875186121877936,0.2073909842214081,0.02140063417076869,-0.2042173261993815,-0.21564808064051508,-0.010804542871061485,0.3003008477751019,0.5669429677976984,0.6491124612104956,0.6090834999674827,0.5182421252194405,0.4234556792352672,0.29977930428917376,0.16624962435813456,0.01059905448969343,0.0520748709440387,0.14098998743906516,0.0722884459453334,0.14102028959516114,0.2904696530141477,0.09180290450640315,-0.15541461210259802,-0.2608374621031398,-0.043769816379730736,0.24266780312983827,0.3395904566464486,0.32206067663297044,0.30998657064454205,0.2903142853067231,0.2720251836135136,0.25752564582204657,0.24299028241897294,0.22996140951328936,0.2159330149324387,0.2029831509332997,0.1961526359308446,0.181680343138137,0.1690832934550344,0.3123886259130316,0.6045162488852562,0.7391627311826203,0.72455748653913,0.6351072917641702,0.5364656451338444,0.4207604199711957,0.2657575596629189,0.08643544654050943,0.0003057039433817185,-0.01165707682200345,-0.09290805443730635,0.232486382258828,0.2768871484919829,0.1185304123818943,-0.0699863567037152,-0.25591699167956583,-0.05364197644633942,0.2162095567152154,0.524345611019382,0.6461222687494943,0.5652882977505415,0.4921979947665811,0.42609747516373647,0.3913759946955106
Ne,0.23514175536153392,0.08902496614619758,0.12807852575896647,0.3916132424705618,0.3414728916143399,0.3171990974135565,0.3166880624794112,0.24267737025724878,0.1443741750044564,-0.0,0.04674840875060966,0.2798322326890605,0.47255097836974874,0.3136413556129999,0.44145681870330883,0.33363968622364126,0.12751994731792723,-0.07571414552304694,-0.040240733722866164,0.19224202007929778,0.4845906067090745,0.6135006183829176,0.6245378843706078,0.5922296765378012,0.5556445209542462,0.4987653294730908,0.43664336590147934,0.361088723941663,0.27154007068282393,0.2676552419259608,0.2977011601573508,0.17628777230004392,0.43189278168864964,0.35176517240021893,0.1657747902615347,-0.059843094951047636,-0.07127387936994645,0.13356962510473183,0.4446750359539126,0.7113171559765092,0.793486636214952,0.7534575121378576,0.6626161516399453,0.5678298542397237,0.44415347929363025,0.31062388746439035,0.15497327664983115,0.19644901878153093,0.2853641410659974,0.2166626847529393,0.285394477773972,0.43484384119295855,0.23617707850555603,-0.011040438718262447,-0.11646318680808479,0.10060417750357448,0.38704199130864914,0.48396464482525947,0.4664348648117811,0.454360758823353,0.43468847348553397,0.4163993717923243,0.4018998340008574,0.38736447059778384,0.37433559769210023,0.36030720311124953,0.3473573391121106,0.3405268241096554,0.3260545313169477,0.3134574381554944,0.45676281409184255,0.748890585415751,0.8835369061870767,0.8689316615435863,0.7794812847637693,0.6808398201383008,0.565134594975652,0.4101318513824526,0.23080968373574995,0.14467987723385098,0.13271701374533973,0.05146603919813565,0.3768605704376388,0.4212612605298994,0.2629046971182822,0.07438771872405041,-0.11154272621119554,0.09073214135633678,0.3605837448940263,0.6687197991981928,0.7904964569283051,0.7096624859293522,0.6365721829453918,0.5704716633425473,0.5357501828743215
Na,0.18839338485973048,0.042276534772547204,0.08133013236552868,0.3448648244312928,0.29472446060928836,0.27045066640850507,0.2699396314743598,0.19592897694013173,0.09762577942820116,-0.04674840875060966,-0.0,0.2330837638789491,0.4258025608403951,0.2668929303861209,0.39470839347642966,0.28689126099676215,0.08077153856731759,-0.1224625879141169,-0.08698914750501707,0.14549361132868807,0.437842175704023,0.5667521931560384,0.5777894591437287,0.5454812513109221,0.5088960957273673,0.45201690424621177,0.3898949406746004,0.3143402987147839,0.22479164545594482,0.22090676738723525,0.2509526679079878,0.12953934129499245,0.3851443851886076,0.3050168220480266,0.11902638771188588,-0.10659151552233262,-0.11802230121231387,0.08682121719684323,0.397926627203303,0.6645688725380698,0.7467382052099005,0.7067090869109787,0.615867726413066,0.5210812937980553,0.39740504828857875,0.2638754564593389,0.10822482306033514,0.14970062437549164,0.2386157415397349,0.16991426492103961,0.2386460690233623,0.3880954324423488,0.18942865828600397,-0.057788859296039885,-0.16321168267493863,0.053855781282475645,0.3402935825580395,0.4372162360746497,0.41968645606117155,0.4076123500727431,0.38794006473492426,0.36965096304171474,0.3551514252502477,0.34061606184717413,0.3275871889414905,0.3135587943606398,0.3006089303615009,0.2937784153590458,0.27930612256633813,0.26670902940488467,0.41001440534123296,0.7021421544106997,0.8367884751820251,0.8221830453848186,0.7327328595368902,0.6340912239985892,0.5183861639706004,0.3633834203774011,0.1840612641181934,0.09793139823382062,0.08596860486915153,0.004717630291143479,0.3301121616870292,0.3745128517792898,0.21615627684895983,0.027639309841562584,-0.15829114673786343,0.043983785367990705,0.3138353361434166,0.621971390447583,0.7437480481776954,0.6629140771787424,0.5898237741947822,0.5237232545919377,0.4890017741237119
Mg,-0.044690415746796566,-0.19080725441823648,-0.15175367944829576,0.11178104136480953,0.06164069343076701,0.03736686372886611,0.036855854073649004,-0.03715483487369275,-0.1354580323856233,-0.2798322326890605,-0.2330837638789491,-0.0,0.19271875928275914,0.033809174420847014,0.16162458627696244,0.05380745353458082,-0.15231226064420655,-0.355546357236049,-0.32007295931884155,-0.08759020048513638,0.204758295669798,0.3336683856938571,0.3447056516815474,0.31239744384874085,0.27581233962888824,0.21893316945176908,0.15681120013462876,0.08125654967514791,-0.008292115214546624,-0.0121770348514043,0.017868901282928083,-0.10354448657437884,0.15206056472620852,0.07193295041769508,-0.11405743030289943,-0.3396753585850048,-0.3511061130261383,-0.14626258851564639,0.16484281538947856,0.431484935412075,0.5136543773405291,0.4736252794487971,0.38278391895088465,0.2879975953653009,0.16432122041920744,0.030791551411924554,-0.12485895403663769,-0.0833831854010233,0.005531887820138846,-0.06316958406999167,0.00556227666518768,0.15501162062852442,-0.04365520502203278,-0.2908726947758051,-0.39629549448876317,-0.17922788096010664,0.10720976452503779,0.2041324764960069,0.18660267529558425,0.17452856619316165,0.154856277955369,0.1365671738493234,0.12206763429250157,0.10753226904208232,0.09450339458491941,0.08047499880856498,0.06752509106951433,0.06069457765462345,0.046222285025336346,0.033625192732397745,0.17693059352740836,0.4690582164996332,0.6037046473126538,0.5890994026691636,0.4996492078942039,0.40100756126387815,0.2853023361012293,0.13029947324474317,-0.049022583366237146,-0.1351523530336847,-0.14711513336592769,-0.2283661110248467,0.09702834987320473,0.1414290923985353,-0.01692761713755494,-0.2054444132312341,-0.39137502406518915,-0.18910007920809727,0.08075153754335912,0.3888875786337587,0.5106642363638709,0.42983027764342957,0.35673996433576444,0.2906394410283385,0.25591796289718594
Al,-0.23740921926832267,-0.38352611576687057,-0.3444725209017589,-0.08093775523737191,-0.13107809888346164,-0.15535190761152198,-0.1558629382405797,-0.22987362718792143,-0.3281768716562689,-0.47255097836974874,-0.4258025608403951,-0.19271875928275914,-0.0,-0.15890961789338165,-0.03109420261282695,-0.1389113119356741,-0.34503104843050914,-0.5482651450223516,-0.5127916764441378,-0.28030899279936505,0.012039501241532155,0.1409496692277889,0.1519868923987882,0.11967873127898475,0.08309357240209542,0.026214377137540414,-0.035907592179599886,-0.11146224263908078,-0.2010109212889957,-0.2048958047347646,-0.17484988650337452,-0.29626327436068145,-0.04065823323517388,-0.12078584047844387,-0.3067761713162276,-0.5323940701950897,-0.543824905340367,-0.3389813808298751,-0.027875973630345444,0.23876614309784636,0.3209355895542266,0.2809066283112137,0.1900652535631715,0.09527880757899834,-0.0283976309244088,-0.16192715919633494,-0.3175776830126477,-0.2761019940971318,-0.1871868718126654,-0.25588833280572526,-0.18715653510469085,-0.037707174437018286,-0.2363739604538455,-0.4835914870900338,-0.5890142868029917,-0.3719466732743353,-0.0855091820387646,0.011413705272870856,-0.006116095836114949,-0.018190205546445976,-0.037862493716132505,-0.05615159775931395,-0.07065113724700364,-0.0851865024456459,-0.09821537684690501,-0.1122438097674133,-0.12519367376655224,-0.13202418876900734,-0.146496481561715,-0.15909357472316843,-0.015788199331031014,0.2763394241854044,0.41098585952635136,0.3963806148828611,0.3069304201079014,0.20828877347757546,0.09258344792164837,-0.062419300433745974,-0.24174132738782003,-0.32787116105007136,-0.33983394795496275,-0.42108492416199417,-0.09569044244102398,-0.05128967879302712,-0.2096463049822715,-0.39816323920879604,-0.5840938163794177,-0.381818871522326,-0.11196722583721642,0.19616876798824004,0.31794550714521125,0.23711150428817537,0.1640211906994512,0.09792059964173212,0.06319912872669602
Si,-0.07849959724955773,-0.22461647272312849,-0.18556287785801676,0.077971851819361,0.027831531034662207,0.003557742748382462,0.0030466906629087786,-0.07096400705042427,-0.1692672286125268,-0.3136413556129999,-0.2668929303861209,-0.033809174420847014,0.15890961789338165,-0.0,0.1278154152805547,0.01999829944248819,-0.1861214476673539,-0.3893555741487883,-0.3538821337396886,-0.12139937490598339,0.17094912124895095,0.299859312271531,0.31089652875760787,0.2785883209248013,0.24200316338235234,0.1851239730716525,0.12300201028847947,0.04744736832866307,-0.042101293461817235,-0.04598619421000086,-0.015940265612728474,-0.13735366234143193,0.11825138465820781,0.03812377163940146,-0.1478666047237464,-0.37348453300585177,-0.3849152874469854,-0.18007176293649343,0.1310336409686316,0.397675760991228,0.47984523259796863,0.4398162713549558,0.3489748966069136,0.2541884506227405,0.13051201479987184,-0.00301760499245445,-0.15866811776396908,-0.11719237620375017,-0.028277210423780046,-0.09697868825813827,-0.028246915634169267,0.12120244620767741,-0.07746429323630909,-0.32468186919665204,-0.4301046689096101,-0.21303705538095363,0.073400426347813,0.17032322417929455,0.15279353321533723,0.14071942410741875,0.12104713589264876,0.10275795834912871,0.08825842287180935,0.07372306112185525,0.06069418972011073,0.04666579652804941,0.03371593374141553,0.026885420395633654,0.012413127803006067,-0.00018390368859375926,0.14312141910656134,0.43524904207878606,0.5698955025700934,0.5552902579266032,0.46584006315164334,0.36719841652131757,0.2514931142032454,0.09649031604700846,-0.08283173932389572,-0.16896154315668965,-0.18092427437937875,-0.26217530626861246,0.06321919604159894,0.10761984202741477,-0.05073667493751785,-0.2392535540573069,-0.4251841984860361,-0.22290925362894431,0.04694239753781912,0.35507840421291165,0.47685506194302374,0.396021090944071,0.3229308206818171,0.2568302973514061,0.2221088194486396
P,-0.2063150166554957,-0.3524318441196382,-0.3133783193924187,-0.04984354833659217,-0.09998391971338168,-0.124257704998695,-0.12476873562775272,-0.19877942457509445,-0.297082622087025,-0.44145681870330883,-0.39470839347642966,-0.16162458627696244,0.03109420261282695,-0.1278154152805547,-0.0,-0.10781711042633395,-0.31393684692116897,-0.5171709435130114,-0.48169747493479775,-0.2492147901865381,0.04313368874758612,0.17204387073712904,0.183081065667299,0.15077285783449246,0.11418777501492235,0.05730857975036736,-0.004813382538336273,-0.08036804002625382,-0.16991674802048484,-0.1738016032254244,-0.14375568499403435,-0.2651690728513413,-0.009564031466687899,-0.08969163604012267,-0.2756819698068874,-0.5012998686857495,-0.5127307027275402,-0.30788717821704814,0.00321827893812849,0.2698603457106733,0.3520297910635667,0.3120008298205539,0.22115945507251167,0.1263730090883385,0.002696535093882234,-0.1308329576869948,-0.2864834815033075,-0.24500779148430488,-0.15609265471889042,-0.2247941323225151,-0.1560623324918639,-0.006612931578485031,-0.20527973767561405,-0.4524972844772068,-0.5579200841901648,-0.3408524706615083,-0.05441481650611581,0.042507890940743316,0.024978089447331035,0.012903980434050846,-0.006768307372830347,-0.025057411984962467,-0.0395569515373987,-0.05409231679501762,-0.06712119125693869,-0.08114958703195603,-0.09409945136832998,-0.10092996519078155,-0.11540225747842851,-0.1279993483633701,0.015306040887717873,0.3074336267982314,0.44208006103569153,0.4274748163922012,0.3380246216172415,0.2393829749869157,0.12367774982426688,-0.03132511375970069,-0.21064713359714246,-0.29677695843724433,-0.30873974534213583,-0.3899907215491672,-0.06459634138341491,-0.020195493121234545,-0.1785521191327146,-0.36706903659596907,-0.5529996137665909,-0.3507246689094991,-0.08087304183015567,0.22726309944324993,0.34903969367764653,0.2682056912038764,0.19511529775046896,0.12901478633122873,0.09429331533091037
S,-0.09849791689364445,-0.24461472828157174,-0.20556115331163097,0.057973554329449124,0.007833226772580382,-0.01644057543956362,-0.01695161319770544,-0.09096230873702793,-0.18926550624895846,-0.33363968622364126,-0.28689126099676215,-0.05380745353458082,0.1389113119356741,-0.01999829944248819,0.10781711042633395,-0.0,-0.206119736494835,-0.4093538330866775,-0.37388043318217673,-0.14139767434847159,0.15095082180646277,0.2798609321592762,0.2908981981469666,0.2585900293839459,0.22200484432852602,0.16512565401782617,0.10300372627129362,0.027449075811812693,-0.06209959290430542,-0.0659844936095269,-0.0359385745677004,-0.15735196881872732,0.0982530852157196,0.0181254678632218,-0.16786490416623462,-0.3934828324483399,-0.40491358688947354,-0.20007006237898162,0.11103534152614337,0.37767746154873993,0.4598469014899007,0.4198179402468878,0.3289764654163038,0.2341901195146724,0.11051374456857897,-0.023015910675657763,-0.1786664172064573,-0.13719067564623838,-0.04827553134714359,-0.1169770090362361,-0.04824518546299313,0.10120419125681321,-0.09746261425892294,-0.3446801686391402,-0.45010296835209834,-0.23303535482344181,0.053402304268637214,0.1503250140092252,0.13279521260373373,0.12072110350819867,0.10104881528529476,0.08275971119527922,0.06826017165783325,0.05372480642135901,0.040695931980352915,0.02666753623028243,0.013717671917657997,0.0068871581021596176,-0.007585134156532956,-0.020182225025150376,0.12312311966407319,0.41525074263629785,0.5498971714620255,0.5352919268185352,0.44584173204357547,0.34720008541324965,0.23149486025060084,0.07649201038711266,-0.10283001039692229,-0.18895984259917786,-0.20092259559114908,-0.2821736057111007,0.043220892845592475,0.0876216300203164,-0.07073499580430727,-0.25925192075790265,-0.44518249792852427,-0.24290755307143252,0.026944093427140044,0.33508010477042344,0.45685676250053575,0.37602281425404915,0.3029325007959842,0.23683197744638756,0.20211049939978876
Cl,0.10762184629241289,-0.03849500422503454,0.0005585778135150354,0.26409331461131647,0.21395296667727395,0.18967915794921358,0.1891681273201559,0.11515743837281413,0.016854213757705096,-0.12751994731792723,-0.08077153856731759,0.15231226064420655,0.34503104843050914,0.1861214476673539,0.31393684692116897,0.206119736494835,-0.0,-0.2032340965918424,-0.16776068607233469,0.06472207276137049,0.35707055381223546,0.4859806544213897,0.49701792857382165,0.46470976587878093,0.42812460027309485,0.37124540206772705,0.3091234327071058,0.23356882292165473,0.14402015420553663,0.1401352436957446,0.17018113408903116,0.048767785325921985,0.3043728513696511,0.22424525482286192,0.038254848136019294,-0.1873630853384979,-0.19879383977963147,0.00604956337159477,0.3171550886359854,0.5837973053129052,0.6659665077247532,0.6259375530920218,0.5350961925941093,0.4403097599790987,0.3166333926976903,0.18310388923417417,0.027453299453894933,0.06892908490027372,0.15784420191198026,0.08914269068232374,0.15787453045604471,0.3073238938750313,0.10865711872801741,-0.13856039852217283,-0.24398322124225624,-0.026915488311877813,0.2595220439907219,0.3564446975073322,0.33891491749385394,0.3268408115054256,0.30716852616760665,0.28887942447439713,0.2743798866829301,0.2598445232798565,0.24681565037417297,0.23278725579332227,0.21983739179418335,0.21300687679172825,0.1985345839990206,0.18593749083756705,0.32924286677391523,0.6213705871855351,0.7560167591576923,0.7414115115658618,0.6519613257179334,0.5533196901796326,0.43761447361617767,0.28261185315223647,0.10328969042206657,0.017159874096438352,0.005197080072407084,-0.0760538952230792,0.24934062311971156,0.29374131321197217,0.13538465615485806,-0.05313214292048788,-0.2390627508186823,-0.03678771187486728,0.23306379757609902,0.5411998518802655,0.6629765096103778,0.582142538611425,0.5090522356274647,0.4429517160246201,0.40823023555639426
Ar,0.31085597277384736,0.1647391453097048,0.20379272027964557,0.4673274410927509,0.41718709315870833,0.39291328443064794,0.39240225380159033,0.3183915648542486,0.22008836734231796,0.07571414552304694,0.1224625879141169,0.355546357236049,0.5482651450223516,0.3893555741487883,0.5171709435130114,0.4093538330866775,0.2032340965918424,-0.0,0.0354734404090998,0.26795622076788955,0.5603046701222485,0.6892147598477799,0.7002520793926421,0.6679438624706233,0.6313586968649373,0.5744794986595695,0.5123575292989482,0.4368029494030893,0.34725428068697106,0.3433693402875871,0.3734152585189771,0.2520019118073565,0.5076069519401635,0.42747931252855254,0.24148894156408923,0.01587105068694753,0.004440219864222354,0.2092838112122949,0.5203892121546657,0.7870312752772401,0.8692006082354513,0.8291716539241597,0.7383302984861717,0.643543866847674,0.5198674932083884,0.3863379097251923,0.23068739588575457,0.2721632326314971,0.3610783711548782,0.29237689970103786,0.36110863369191504,0.5105580016598685,0.3118913054399234,0.06467366950895614,-0.04074908430789875,0.17631851876783472,0.4627561704721564,0.5596788239887667,0.5421490439752884,0.5300750366570812,0.5104027381655272,0.4921136265065481,0.4776140806699094,0.4630787105927477,0.45004975942828296,0.43602136364450944,0.4230714994589145,0.4162409866576936,0.4017686941946273,0.38917166880185,0.532476976208399,0.8246045516763629,0.9592508596683905,0.9446456120765601,0.8551954262286316,0.7565537906903306,0.6408485741268758,0.485845836150013,0.3065238992724975,0.22039403099209867,0.20843124434518928,0.127180266508477,0.452574749601146,0.49697543969340663,0.33861884484075955,0.15010196365183467,-0.03582858067704507,0.166446320519844,0.4362979240575334,0.7444339783617,0.8662106360918121,0.7853768182853215,0.7122864799348578,0.6461859367489667,0.6114644422786049
K,0.2753825323647476,0.12926570490060502,0.16831927987054573,0.43185400068365115,0.3817136527496085,0.35743984402154827,0.35692881339249055,0.28291812444514874,0.18461492693321827,0.040240733722866164,0.08698914750501707,0.32007295931884155,0.5127916764441378,0.3538821337396886,0.48169747493479775,0.37388043318217673,0.16776068607233469,-0.0354734404090998,-0.0,0.23248274892233772,0.5248312364924869,0.6537413456719268,0.6647786108144282,0.6324703938924096,0.5958853240351656,0.5390061287706106,0.4768841594534704,0.40132950899398945,0.3117808402778713,0.30789593952968763,0.33794185211335837,0.21652847139825668,0.47213348336194966,0.39200588283649046,0.2060154804531621,-0.019602393750951897,-0.03103318930883697,0.17381037080319517,0.4849157510437386,0.751557814166313,0.8337271363898995,0.7936981817571681,0.7028569300073093,0.6080704057367468,0.4843941090770428,0.3508645172478029,0.1952140159757194,0.23668970905279427,0.32560481823371223,0.2569033284925204,0.3256351725809879,0.47508454054894134,0.27641783686170956,0.02920022232109249,-0.07622253516992156,0.1408450783587349,0.4272827300630565,0.5242053835796668,0.5066756918297581,0.49460156807886724,0.47492926958731346,0.4566400665116834,0.4421405273434929,0.42760516204415694,0.4145762875827312,0.4005478917989576,0.3875980276133626,0.38076751481214177,0.3662952223490756,0.3536981321757885,0.49700351509747176,0.7891310905654358,0.9237773878228386,0.9091721402310082,0.8197219543830798,0.7210803188447786,0.6053751022813239,0.4503723643044612,0.27105032289084624,0.1849206252140349,0.17295778529622055,0.09170677474777698,0.41710130919204624,0.4615019992843068,0.30314538540739155,0.11462845488499138,-0.07130204266053633,0.13097288011074423,0.40082448364843354,0.7089605379526001,0.8307373743294676,0.7499033497071077,0.676813011356644,0.610712468170753,0.5759908353394728
Ca,0.04289977845578598,-0.10321703947725001,-0.06416346809639549,0.19937124184994598,0.1492308939159034,0.12495708518784313,0.12444605455878538,0.05043544781634033,-0.04786783240379666,-0.19224202007929778,-0.14549361132868807,0.08759020048513638,0.28030899279936505,0.12139937490598339,0.2492147901865381,0.14139767434847159,-0.06472207276137049,-0.26795622076788955,-0.23248274892233772,-0.0,0.2923484804633367,0.42125858964277646,0.4322959252699842,0.39998772407834987,0.36340256520146047,0.30652336993690543,0.24440140061976515,0.16884675016028428,0.07929808144416615,0.07541318069598253,0.10545903466734428,-0.015954237439076598,0.2396507273327995,0.15952315232092124,-0.02646722981776303,-0.25208514978010216,-0.26351591254100193,-0.05867235001681061,0.252433015874615,0.5190750797509575,0.6012443874675616,0.5612154328348303,0.470374173978159,0.37558777198886045,0.2519113945551916,0.11838179461767359,-0.03726882488213498,0.004206971673194053,0.093122146547514,0.024420605737511352,0.09315246610278646,0.24260186909152828,0.043934990178385085,-0.20328250457645425,-0.3087052940036268,-0.09163768047497024,0.19479997122935136,0.2917226247459617,0.2741928447324834,0.26211873874405517,0.24244651355816316,0.22415740189918398,0.2096578560625453,0.1951224859853836,0.18209360729105678,0.16806520803649844,0.1551153414971895,0.14828482563517115,0.1338125340844949,0.12121544419448586,0.2645208344866385,0.5566483564327664,0.6912946389005008,0.6766893913086706,0.5872392054607419,0.4885975699224411,0.3728923533589862,0.21788961538212348,0.038567612991165026,-0.04756220614006821,-0.05952499961713623,-0.140775945888084,0.18461855035834115,0.2290192570951435,0.07066257824555806,-0.11785429477516882,-0.30378482358005277,-0.101509757574352,0.1683417248147286,0.47647777911889505,0.5982544368490073,0.5174205936779573,0.44433025532749376,0.3782297121416026,0.34350821767124073
Sc,-0.2494487226238919,-0.3955655500880345,-0.3565119751180938,-0.09297728423049104,-0.14311760223903094,-0.16739141096709126,-0.16790244159614898,-0.24191313054349073,-0.34021632805542124,-0.4845906067090745,-0.437842175704023,-0.204758295669798,-0.012039501241532155,-0.17094912124895095,-0.04313368874758612,-0.15095082180646277,-0.35707055381223546,-0.5603046701222485,-0.5248312364924869,-0.2923484804633367,-0.0,0.1289101006091542,0.13994737476158622,0.10763922792341546,0.07105406904652611,0.014174859820129428,-0.04794709553516919,-0.12350174599465005,-0.21305043359598938,-0.21693531545895184,-0.18688940287528116,-0.3083027835903829,-0.052697753130537234,-0.13282535759369596,-0.3188157254922428,-0.5444336302434387,-0.5558643420219945,-0.3510208841854443,-0.03991547441780058,0.22672663974227703,0.3088959381132028,0.2688669834804716,0.17802571848418747,0.08323927583392603,-0.040437113405530065,-0.17396676039705614,-0.3296172742364938,-0.2881414724392036,-0.19922633391582267,-0.2679278053696629,-0.19919601436055026,-0.04974664684555063,-0.24841346380941487,-0.49563092044155754,-0.6010537005219979,-0.3839861766299046,-0.09754850161189713,-0.000625824024419688,-0.01815562607316966,-0.03022973514184244,-0.04990202335729999,-0.06819112744776233,-0.08269066697719211,-0.09722604563644831,-0.11025491854213189,-0.12428331312298257,-0.13723317712212155,-0.14406369212457665,-0.1585359849172843,-0.1711330780787377,-0.027827700369093895,0.2642999787066767,0.398946189546142,0.3843409419543117,0.2948907561063832,0.1962491205680822,0.0805439274422118,-0.07445881753518903,-0.2537808057982032,-0.339910611278452,-0.35187345131053194,-0.43312434781885745,-0.10772994579659324,-0.06332920840550399,-0.22168583473139522,-0.4102027425643653,-0.5961332151963348,-0.39385837487789527,-0.12400677134020584,0.18412926676552813,0.3059059780803796,0.2250719757558452,0.15198160934463964,0.08588109779347228,0.05115962675174156
