element,0,1,2,3,4,5,6,7,8,9,10,11,12,13,14,15,16,17,18,19,20,21,22,23,24,25,26,27,28,29,30,31,32,33,34,35,36,37,38,39,40,41,42,43,44,45,46,47,48,49,50,51,52,53,54,55,56,57,58,59,60,61,62,63,64,65,66,67,68,69,70,71,72,73,74,75,76,77,78,79,80,81,82,83,84,85,86,87,88,89,90,91,92,93,94
H,0.0,-9.051327018625601,-7.99371391955456,9.075805567772298,9.066307380990894,8.734126605919078,8.560415864915026,7.589842468497662,-8.156441642940253,-9.051563705834848,-8.415145770926717,8.532762174243041,8.636918403551144,8.516906015187203,8.707273188500263,7.9564605512128574,-7.846595519167539,-8.974612298780821,-8.55666746020842,8.001005573245525,8.825063089761173,9.072491914224353,9.081034704875231,9.0208449119544,8.938790699396867,8.701606597707663,8.61199421359597,8.56566874989994,8.01926870133037,8.3681013334322,7.619286826953924,8.246249185723071,8.585876034056966,7.877757167422141,-7.738212789773621,-8.996304729999217,-8.577380775092783,7.4238943156229125,7.682539462985624,8.831472100665934,9.17246642582945,9.093037981798966,8.814800551528073,8.459149368881944,8.43490624579756,7.801172774272149,-7.03842499697208,7.518097852255851,7.378211730415961,7.799197734302797,8.448788078407075,7.995489063953649,-7.453478777687922,-8.912742918748739,-8.86513236256179,7.07703481137524,8.692956391685083,8.678880984421344,8.559889481701395,8.421418728423976,8.257401359435502,8.088740598705208,7.93479215400554,7.813608212659645,7.6992497202633885,7.562610436108014,7.32596437542995,3.734826012268467,-6.9016562204453855,-6.315936095225912,8.215376475977576,9.102346600666968,9.389793147400107,9.401780747171006,9.144765973248123,9.048491201235938,9.04837974223766,8.405043486966385,6.176703670948642,-6.7351469758174956,-8.124960899856134,7.5454126468039115,8.352052708789989,8.077453842034265,-6.9990897864097406,-8.774813844625653,-8.865891163667335,6.22463630144372,7.821456200380958,9.023443440290688,9.117268597608135,8.965854023426608,8.809498860389061,8.78953893576936,8.500264150810526
He,9.051327018625601,0.0,8.624894842173779,9.756730956460238,9.751934187355245,9.598330749670195,9.528771692824415,9.25978266929297,8.52617035375317,-1.1050818472406976,8.298020485890309,9.51836043520112,9.558516651585679,9.51247065325699,9.587102864759988,9.339858986690636,8.695144278424813,6.447137457940204,8.110586054750417,9.351215230435551,9.63766272712394,9.75505459562375,9.759380563035869,9.729289770450151,9.68972376954662,9.584755812389087,9.548668946779255,9.530770080419044,9.355980890422543,9.46003229454489,9.265392561365958,9.420775134571903,9.538516259642844,9.320700212835442,8.738171187651021,6.126109121865304,8.07733154412984,9.230573633251403,9.27790297137445,9.640511534006938,9.806821960256526,9.76548965497308,9.633122220008222,9.491518192720056,9.482950929465517,9.303130494677477,8.908053111412553,9.246663684412734,9.22321443961109,9.302690932579164,9.48784012639747,9.34978812578928,8.825411725528824,7.007461544266666,7.279399154207514,9.181251786931611,9.581188145289115,9.575421903699027,9.528572489874673,9.478242613167174,9.424234022568559,9.374704247341285,9.334470069634312,9.30591324624632,9.281315050841645,9.254712446354706,9.21513754682944,9.056108109787695,8.927570094590447,8.984383958295348,9.41133795591488,9.77025213741508,9.927910520829336,9.934926826689274,9.792228668557946,9.74299850998446,9.74294289111661,9.472581608528664,9.106118222445692,8.947595642703327,8.547356066477159,9.251567718746987,9.454675298980089,9.37159726240302,8.913982715182328,7.631241865487831,7.27568530060548,9.108738259196157,9.30768322226845,9.730570057428881,9.77793169741705,9.702589444148096,9.630786740249821,9.622056112306469,9.50635629668753
Li,7.99371391955456,-8.624894842173779,0.0,9.367558079301077,9.360471406411055,9.123975641341337,9.00970606949215,8.50497370924607,-6.262423976896081,-8.625257305259634,-7.348369642736458,8.992147916028848,9.059193427015643,8.982158977225208,9.105868815439905,8.66823501414908,6.00698824210575,-8.504853864113064,-7.714252343072143,8.690344249410344,9.186446380970331,9.365083414167641,9.37146592504191,9.326788525938552,9.267027412589403,9.102068555463921,9.042923883381897,9.013057149379389,8.699544727922726,8.89133573949914,8.516869339229414,8.820930967706625,9.02602741683248,8.630382851061038,6.505640346261093,-8.539331065724692,-7.761705593283751,8.441783904924703,8.543133150888396,9.190915946952625,9.440627557221307,9.3804572639745,9.179307517791646,8.946285644971827,8.931460795320241,8.595031221334454,7.508612158765164,8.476857352671356,8.42551558287471,8.59413878613872,8.939932553327797,8.687579329852515,7.1207806373089975,-8.403963985790105,-8.323476998222588,8.329832868125486,9.09628109361067,9.086899378073545,9.009371197354449,8.923273669874396,8.827223555151916,8.735340990893885,8.657659278327298,8.60067243783187,8.550234040766906,8.494157038400955,8.407492244796213,8.007417954582369,7.585460219622129,7.7873622602906005,8.803670714350735,9.387448734958893,9.610919971236079,9.620540807244822,9.419512041826243,9.34722574469048,9.347143084775045,8.913392024625873,8.144004057969594,7.660022445355827,-6.0318002479051085,8.487417580898503,8.88185664213759,8.729444830190921,7.532429079961538,-8.162792091223412,-8.324780908939942,8.150846826295366,8.604252315776725,9.328706671540592,9.39868982545631,9.286591813761687,9.17562827170992,9.161830207096456,8.971745451533948
Be,-9.075805567772298,-9.756730956460238,-9.367558079301077,0.0,-4.42651106313979,-7.836342259761705,-8.166608105501721,-8.819406067118033,-9.411321456675267,-9.756847719643774,-9.492142529874092,-8.206250061060395,-8.041184107441824,-8.227820921661907,-7.899338576650928,-8.680718613382705,-9.332314175091817,-9.719575869856419,-9.542628929879534,-8.658392881309982,-7.5702428559369235,-3.39866303272055,3.8463620660111753,-6.149462999129635,-7.021313496302843,-7.911934903395998,-8.08489213006159,-8.15876887590379,-8.648796258512592,-8.397233569532593,-8.810627050452938,-8.502878084419791,-8.12762556884963,-8.716745636495922,-9.308791022711263,-9.729933072795918,-9.550409775835021,-8.863146828322742,-8.790589800355976,-7.547434813062351,6.789097677756954,5.029987028764175,-7.605425286107193,-8.300078468535688,-8.327772724969009,-8.74810891051266,-9.198249930267242,-8.83944617277784,-8.873678986625238,-8.748874062325296,-8.312091140202632,-8.661239783446652,-9.255895486711285,-9.690679988302035,-9.66909101238591,-8.930332570331574,-7.930728380559382,-7.96024147134264,-8.167387762121441,-8.342574482939517,-8.494164328188031,-8.609708267305294,-8.6910545049019,-8.743242796472918,-8.785010091304233,-8.82722862664503,-8.88502459885665,-9.071118552995285,-9.183395650227665,-9.137075972845762,-8.526125550481767,5.464258040267848,8.078809724969295,8.122577540164642,6.437851608834276,-5.4661023266833295,-5.470101023323951,-8.359996356711514,-9.019280174047957,-9.167610106320048,-9.402444535264689,-8.832031405180915,-8.41257875487986,-8.61635217686862,-9.193790650723436,-9.629673595563286,-9.669430694940885,-9.01641452886621,-8.740128250614761,-6.102422645375203,5.916338456879656,-6.814722380734,-7.622991320119329,-7.685715367804638,-8.249618001674012
B,-9.066307380990894,-9.751934187355245,-9.360471406411055,4.42651106313979,0.0,-7.80314313415963,-8.142860534078798,-8.807111304885817,-9.404537251190021,-9.75205167912235,-9.485888581635525,-8.183436014036932,-8.014210442817616,-8.205498895592358,-7.868200656005051,-8.666584704072395,-9.324972315264331,-9.714604675932515,-9.536683752517575,-8.643937668475301,-7.526702584296774,4.00213711643942,4.863383487769185,-5.955388883643713,-6.944683037921373,-7.8811927646026225,-8.059083871310195,-8.13483211566886,-8.634200437900525,-8.378423541996062,-8.798225660700988,-8.485969788690829,-8.102922123214753,-8.70311527453182,-9.30127375652846,-9.725005888679316,-9.544507872587277,-8.851383738469243,-8.777935860670492,-7.502867316346304,6.878069821862105,5.4620087730845714,-7.563422362553454,-8.279329066488165,-8.30762030522144,-8.734920823789997,-9.189863890313665,-8.827399172565483,-8.862039857096997,-8.735677522207551,-8.291591949498331,-8.646825839931388,-9.247968262046697,-9.68555504467731,-9.663853960853023,-8.919338048888356,-7.9005673068470195,-7.93097033509905,-8.143658989710442,-8.322697093500974,-8.477106505701132,-8.594526244414988,-8.677066936283232,-8.729971300004099,-8.772284927699042,-8.815032692168504,-8.873517557349437,-9.061574796673732,-9.174869927962321,-9.128144120650065,-8.509608918819586,5.7643747715116325,8.104108672522955,8.146805878190127,6.562022633419545,-5.036285367287642,-5.042427179482603,-8.340465553498543,-9.0092260351148,-9.158948016579668,-9.395601627413239,-8.819894332761761,-8.394057601649621,-8.601271478471725,-9.18535334699261,-9.624225412561163,-9.66419539933846,-9.006331443580988,-8.72681501744492,-5.897978047004763,6.117413253437088,-6.719646961960696,-7.581734948773189,-7.64701646508467,-8.227782919657532
C,-8.734126605919078,-9.598330749670195,-9.123975641341337,7.836342259761705,7.80314313415963,0.0,-6.899173710045014,-8.350974446780826,-9.179475687391424,-9.59846773509254,-9.280355144782998,-7.03337693088543,-6.356691593229914,-7.1014633498558535,-5.109422512461311,-8.119205616685203,-9.078786543156216,-9.554665944566597,-9.34238799756521,-8.07972633026924,6.384035242402913,7.824845759817522,7.854282920481813,7.6321387735930575,7.252526673640608,-5.297030247063675,-6.572431516984143,-6.871047929137272,-8.062543910935991,-7.552162205789256,-8.33691696463047,-7.782811440683449,-6.753232235591672,-8.181540605046282,-9.048371298931675,-9.566860496592716,-9.351882093784221,-8.419968539349583,-8.304540121749296,6.455279054795627,8.136821462032817,7.894636953518512,6.259309927638538,-7.309388922839592,-7.382291442374278,-8.23452282368298,-8.90245935254933,-8.382803074073404,-8.43632628355861,-8.235801156788694,-7.341416521867586,-8.084798317363687,-8.979185166941399,-9.520491214131116,-9.494845200068177,-8.522748564117657,-5.5275581635215545,-5.813653493903736,-6.901940017676472,-7.419956849218264,-7.764824883636798,-7.991160495466186,-8.13725791111681,-8.22637698786568,-8.295452302799802,-8.363445712040493,-8.453841866741268,-8.727523146853796,-8.88242310459227,-8.819314493856211,-7.830003212880705,7.925166437222086,8.657879443422019,8.682643096831768,8.05673963795927,7.738657215905617,7.738244110676774,-7.463222374255106,-8.65362859049543,-8.86103446519613,-9.168272089760157,-8.371071649396846,-7.587530285779659,-8.00345833738322,-8.896443267920729,-9.447745469984149,-9.49524951969614,-8.649495315767563,-8.221148997081796,7.6425175901270626,7.972802167088458,7.390650485301282,6.18878774861686,5.871829150342403,-7.1672228630127925
N,-8.560415864915026,-9.528771692824415,-9.00970606949215,8.166608105501721,8.142860534078798,6.899173710045014,0.0,-8.084516125281404,-9.071723259762695,-9.528919289530844,-9.183460843042344,-4.96562462044106,6.030970535240696,-5.408457686369196,6.71766030796908,-7.769757753134664,-8.958908677397805,-9.481878292536962,-9.25159473696607,-7.713290736038454,7.366930304548984,8.15836031418498,8.179536766351019,8.024167734917556,7.7841079316974815,6.675460477257741,5.625275145199651,3.349796493175953,-7.688425175365193,-6.8182701232223595,-8.066126748741397,-7.250319380482976,4.909940935951414,-7.857055804331348,-8.924552498945296,-9.494996440175198,-9.261989702456713,-8.17366164459951,-8.023463153466638,7.394189635467339,8.391287788097907,8.208848574768579,7.322056672620664,-6.222196531727867,-6.424566538552372,-7.929625467855131,-8.757696042021198,-8.12586446732632,-8.194540566238667,-7.9313590628730175,-6.3143481649941355,-7.720599293310759,-8.845879119280577,-9.445084694883581,-9.41740186938173,-8.303355950847081,6.607901784280144,6.488618541763546,-1.3208853533967675,-6.519894335728003,-7.219488680224496,-7.582875314739119,-7.795265015642601,-7.918559499507116,-8.01140796697922,-8.1007645045346,-8.216794109625537,-8.552554667687913,-8.73452324111717,-8.66097684249914,-7.32941014658189,8.231237425815944,8.8166712725915,8.837837163783407,8.329764688448096,8.097378605696933,8.09709002346811,-6.623134776347764,-8.463887160104223,-8.70968262107916,-9.059236943316597,-8.110669982358162,-6.890588385057852,-7.601317289227326,-8.750759904715851,-9.366411331217057,-9.41783873787056,-8.45888810346081,-7.9114410125863115,8.031203748378156,8.266532015560967,7.867570979184822,7.2982491117251715,7.2044115738093,-5.722881545104903
O,-7.589842468497662,-9.25978266929297,-8.50497370924607,8.819406067118033,8.807111304885817,8.350974446780826,8.084516125281404,0.0,-8.605709930960366,-9.259974932123313,-8.778317767762086,8.039625530961553,8.20493642736118,8.013529483101504,8.3113227249212,6.776452838814905,-8.419363365526738,-9.197959677253943,-8.878820805973879,6.914686459105218,8.48169406303104,8.81511839544949,8.826155017200335,8.747791094922697,8.63852057517341,8.30289488107452,8.166272648822796,8.092957001822585,6.967864183191467,7.753815762363818,4.096125918962472,7.515505213662193,8.12518153547782,6.493675160414687,-8.35968992689624,-9.215347610079128,-8.893872035157397,-5.715238626807008,5.263321855587532,8.490717001754895,8.942636207042389,8.841616026734853,8.467196511181506,7.916093110028764,7.873992254854727,6.145180659659263,-8.044495758912804,-4.926817213202352,-5.935628330887548,6.134790108775696,7.898191517476125,6.898249061290723,-8.216860194803028,-9.148784495674215,-9.111374083782144,-6.677776727396667,8.28998564472341,8.268850955720938,8.083668979802104,7.8502372630462,7.538526384733332,7.155068984079061,6.704140773568135,6.208670066588852,5.436730581471267,-3.9915355849705514,-6.1307120098198675,-7.568958027476639,-7.9966273070822105,-7.836101661116153,7.450293086738073,8.853569654214091,9.209201918596108,9.223545266135433,8.907651836411448,8.783962023333983,8.783816856040135,7.821061611576322,-7.3116187522350735,-7.9439490127405366,-8.585737020607526,-4.465442961551966,7.723947704918671,7.126102177828981,-8.030291005309413,-9.041476823531951,-9.111967313831782,-7.295709633024262,6.247134152154508,8.751204242676023,8.872666509725939,8.67489152570548,8.459682698752777,8.431243593770661,7.985846837144332
F,8.156441642940253,-8.52617035375317,6.262423976896081,9.411321456675267,9.404537251190021,9.179475687391424,9.071723259762695,8.605709930960366,0.0,-8.526570496411512,-6.937481815881788,9.055230880681739,9.118305255936118,9.045857790480833,9.162356633359895,8.754431372394363,6.834912072857889,-8.392806978183085,-7.448098546192038,8.77472576814884,9.238673266113711,9.408948646534695,9.415058702902483,9.372332483211405,9.31530570174002,9.158763714941992,9.102972317808355,9.07487529891762,8.783199328356229,8.960877410138883,8.61647180479055,8.895357740799707,9.087069685841868,8.719760025060102,7.0837171707518545,-8.431294265039137,-7.509564178798933,8.548751276539285,8.640274955992409,9.24291586914085,9.48136730614742,9.423669778746493,9.231898863030137,9.012231302962558,8.998359194454709,8.687480418803409,7.760965467681126,8.58032248810179,8.534145607501978,8.68666679433773,9.006284872584649,8.772192232112772,7.473583041911107,-8.27925094330265,-8.187569004102421,8.44874590048816,9.153297891019493,9.144438275240928,9.071407438437571,8.990703836253086,8.901206006173211,8.816162787722567,8.744733297848025,8.692624729508916,8.646720767694955,8.595934955496684,8.517992689760936,8.16810127983239,7.82117842340962,7.983931384077515,8.879351251181586,9.430366481327935,9.645389252835468,9.654685566409611,9.461103345332294,9.391866258660944,9.391787250765429,8.981469555402349,8.285554704782262,7.8805373870017545,4.691573075562348,8.589850050362655,8.952040200622205,8.810725806150016,7.779519443150338,-8.001180421442116,-8.189062594591356,8.291496881679203,8.695890633754546,9.37416274264974,9.441137912118664,9.333957708058685,9.228408454241649,9.215324497279846,9.036085576006615
Ne,9.051563705834848,1.1050818472406976,8.625257305259634,9.756847719643774,9.75205167912235,9.59846773509254,9.528919289530844,9.259974932123313,8.526570496411512,0.0,8.298523245658762,9.518510302467181,9.558659180093759,9.51262731974051,9.587241424629298,9.340036419338178,8.695482315300229,6.4503331600182,8.11119246091784,9.351386544967617,9.637794517022382,9.755170195866272,9.759496039763006,9.729409009127568,9.689850506787069,9.58489480027421,9.54881478958575,9.530915849373143,9.356155530936448,9.460188150593806,9.265583631279522,9.420935428396964,9.538661725361047,9.32088105027334,8.738495008579488,6.13051190856686,8.077993706373094,9.230771493058185,9.278091723270046,9.640642857371814,9.806933254490055,9.765605475277297,9.633248965297568,9.491664633472562,9.48310468668576,9.303314537517167,8.908326313794976,9.246858428450553,9.223413804277543,9.302875069878905,9.487993109229519,9.349963819543634,8.825708396899463,7.009286508462009,7.280790877556416,9.181459313526238,9.581327545426763,9.575562091654508,9.528719418449871,9.478397106939195,9.424397085589868,9.374875573282177,9.334648437212685,9.306096773050099,9.281503159467285,9.254905625998155,9.215338524075891,9.0563437292655,8.927838008626896,8.984637094934797,9.411503097668989,9.770367524727954,9.928009068624345,9.935024744795786,9.792341596191061,9.743117007975313,9.743061475305147,9.472736931804175,9.106342328655655,8.947858239221235,8.54774796882963,9.251761488663014,9.454833498000184,9.371769096434972,8.91425428224338,7.632220141277039,7.277082199496934,9.108961821065055,9.307866386300013,9.730690098241693,9.77804618749743,9.702712888199521,9.63091937478371,9.622189911810091,9.506506482733018
Na,8.415145770926717,-8.298020485890309,7.348369642736458,9.492142529874092,9.485888581635525,9.280355144782998,9.183460843042344,8.778317767762086,6.937481815881788,-8.298523245658762,0.0,9.168725880081581,9.225219517877898,9.16036647126676,9.264889116850812,8.904886388962023,7.5801482536121405,-8.1274108635776,-6.532896310744201,8.922377019019645,9.334021888319612,9.48995608566358,9.49559361021357,9.456238827335767,9.403923870852944,9.261651031820842,9.211453167697176,9.186281418280638,8.929685237124552,9.084934062987228,8.787379466591482,9.027286192051914,9.19719602534254,8.875130998961717,7.705967169785628,-8.177308619325062,-6.679907149384021,8.730606215764993,8.807480471467565,9.33787934159155,9.556923955698673,9.503533649142614,9.327865434657708,9.130428490490406,9.118112363066711,8.847561033555401,8.124548233785688,8.75699650943564,8.71844411549084,8.846867675798874,9.125146514052034,8.92018500107143,7.933824637294901,-7.976618935262228,-7.85041413192363,8.647938214374943,9.25671904961558,9.248733784233684,9.183178628486615,9.111323962312778,9.03240848936587,8.958220582182864,8.896548665215938,8.851946092752852,8.812936509586518,8.770097070729316,8.705028196829028,8.42415960009514,8.16678834408941,8.284659152237145,9.013266924549233,9.509723628557037,9.709875989757698,9.718594320387375,9.538148594317803,9.474213404960834,9.474140590476338,9.103143257059607,8.516259960238711,8.209163429428262,7.037200883837803,8.7649866743377,9.077129636342736,8.953504879467783,8.137483415638698,-7.5783030077179,-7.8525059996244275,8.520980915455002,8.854731743485788,9.457920748123755,9.519677403377736,9.42100644714585,9.324694942381852,9.312819177032335,9.151651454083018
Mg,-8.532762174243041,-9.51836043520112,-8.992147916028848,8.206250061060395,8.183436014036932,7.03337693088543,4.96562462044106,-8.039625530961553,-9.055230880681739,-9.518510302467181,-9.168725880081581,0.0,6.325284645000936,-4.393076806396988,6.876552036317812,-7.7077365215358995,-8.940438390761473,-9.470965303354655,-9.237836206034673,-7.647545747006699,7.453078763870051,8.198324077043774,8.218679321627647,8.069752745249867,7.841697441361909,6.840664664183815,6.039651343950797,5.141049568695031,-7.620949857746643,-6.6489893407733005,-8.02038375655873,-7.143741452451485,5.62772628437775,-7.8003694692730035,-8.905420163059055,-9.484226436014795,-9.248373383498832,-8.13267933072835,-7.975677954704826,7.478115722623771,8.423077936566926,8.246859363732593,7.411985947047489,-5.890014739190884,-6.162083113995401,-7.877013245726249,-8.735050012009207,-8.08283199165949,-8.15442226456441,-7.878840516579612,-6.016263811794175,-7.65534905324802,-8.825164460066631,-9.433760361933176,-9.405757813625806,-8.267449213386115,6.783692397536034,6.684627219701816,4.946283749672331,-6.2843374265153304,-7.109383013405188,-7.507619116728223,-7.734854009079882,-7.865346168574495,-7.963029014512219,-8.056613640086221,-8.177576199885067,-8.524679638954384,-8.711339987631373,-8.636002070712383,-7.2313480288373,8.26844410732192,8.837560774452864,8.858293649933843,8.363538412737812,8.139802704309972,8.139526294335347,-6.413297645048427,-8.433387875532803,-8.685909373920543,-9.042535717555385,-8.066964013227272,-6.7340939202335415,-7.52748830562748,-8.727954367156505,-9.354154396582304,-9.406199797861486,-8.428233547922105,-7.85783647558271,8.076465459942428,8.302471096700891,7.9206692863516945,7.390248437601076,7.305020875148717,-5.096119261767447
Al,-8.636918403551144,-9.558516651585679,-9.059193427015643,8.041184107441824,8.014210442817616,6.356691593229914,-6.030970535240696,-8.20493642736118,-9.118305255936118,-9.558659180093759,-9.225219517877898,-6.325284645000936,0.0,-6.458973881146138,6.0204447546549895,-7.9312905153570314,-9.01091147124522,-9.51302868791197,-9.290655969254548,-7.883451262769481,7.062748043859707,8.031819760378166,8.055818911418594,7.8780777272382165,7.594383028958506,5.933818720273686,-4.939998744444715,-5.962606487153239,-7.86250334147989,-7.19257366579435,-8.1886506271465,-7.508608127334786,-5.640087507872162,-8.006041036755098,-8.978325062291654,-9.525747023147337,-9.300652795928881,-8.284359075543357,-8.151000769543739,7.099521700217129,8.29239140794789,8.088927664567946,7.001422694024648,-6.82320705143823,-6.939188066011262,-8.06887419106406,-8.820929929319174,-8.241678966552579,-8.303070239960618,-8.070382875379922,-6.874777934975774,-7.88961988464733,-8.90392749771262,-9.477383884357234,-9.450592829145837,-8.401225026476329,5.786306883464822,5.490985712241971,-6.037550794357746,-6.997253272273164,-7.4848793854654545,-7.774598441534401,-7.95303423989355,-8.059253757172263,-8.140396708618978,-8.219354776832454,-8.323057771073861,-8.62966488875091,-8.799192638134198,-8.730414089705786,-7.570237674070114,8.114133580376627,8.753158767018585,8.775685558989316,8.224250180403788,7.962319682174615,7.961962407689938,-7.062549980770162,-8.547832558109599,-8.775925819252992,-9.106390715102103,-8.228157422534364,-7.242867568542378,-7.7898473186866415,-8.814420192082848,-9.401308654971412,-9.451015417299729,-8.543236956551135,-8.053071899091815,7.886202707375825,8.15372695156455,7.694436858814506,6.968466208221572,6.835436326054016,-6.580505322166729
Si,-8.516906015187203,-9.51247065325699,-8.982158977225208,8.227820921661907,8.205498895592358,7.1014633498558535,5.408457686369196,-8.013529483101504,-9.045857790480833,-9.51262731974051,-9.16036647126676,4.393076806396988,6.458973881146138,0.0,6.955752144224433,-7.671179329066792,-8.929909144021567,-9.464790292267153,-9.230033620667447,-7.608675911737082,7.498346419536888,8.220064566289912,8.23998552542042,8.09443969637436,7.872611083943586,6.922643273686738,6.213878983128911,5.524591717877654,-7.581011241193766,-6.539751898979245,-7.993773768408363,-7.078567447651669,5.880304934355139,-7.76710099175555,-8.894523979892005,-9.47813312265422,-9.240649665186178,-8.108929957879937,-7.947879409771132,7.522288401979018,8.440480216164898,8.267602375855981,7.45910874620196,-5.640209445438145,-5.977686039953517,-7.8462374790241665,-8.72211671302476,-8.057853355693478,-8.13118947924255,-7.848121873747352,-5.799561676771422,-7.616787342685955,-8.813352390343612,-9.427350549997518,-9.399165373371538,-8.246725370823704,6.870274811917462,6.779810539839982,5.39607942373187,-6.1229741633371635,-7.041852365833986,-7.462778907844478,-7.699292654058124,-7.834203655303349,-7.934826090460612,-8.030992193378047,-8.154906354730002,-8.508693961532932,-8.698094430729682,-8.621712569171152,-7.17185892126518,8.288727269491286,8.84908367849954,8.86958960871904,8.381998468301894,8.162838437682476,8.162568204202685,-6.272901008787046,-8.415860549278554,-8.672320301392707,-9.033042244944179,-8.04158073363087,-6.634229319630392,-7.483549818170333,-8.714928441735271,-9.347211616512478,-9.39961025934709,-8.410614988573215,-7.826455456777241,8.100989119410903,8.322082167442623,7.949268878909196,7.43838195364229,7.357326470130459,-4.424818029067935
P,-8.707273188500263,-9.587102864759988,-9.105868815439905,7.899338576650928,7.868200656005051,5.109422512461311,-6.71766030796908,-8.3113227249212,-9.162356633359895,-9.587241424629298,-9.264889116850812,-6.876552036317812,-6.0204447546549895,-6.955752144224433,0.0,-8.068959689875301,-9.059836765104752,-9.54292557554062,-9.327861353752358,-8.027403070100739,6.629215094400222,7.888550107540522,7.916195364555558,7.708874526984196,7.36276337693497,-3.5601423038244406,-6.310884762815538,-6.6838407986969495,-8.009289241987085,-7.46180256822647,-8.296701941379403,-7.711743822637001,-6.539945719489039,-8.134403746135648,-9.028830545072687,-9.555271599288524,-9.337493774574519,-8.383018533122428,-8.263002783491562,6.685393791414592,8.183847083186757,7.954172251463719,6.532964006951537,-7.192700393113906,-7.27426731639571,-8.18987341262344,-8.87979580318439,-8.344426651033967,-8.399986894228624,-8.191210338504222,-7.2286217925837,-8.032746825601924,-8.958229853633988,-9.508349027601213,-9.482385549171212,-8.489468310530112,-4.465380481853122,-5.137359894696358,-6.720976249536194,-7.316140714336795,-7.692419630207794,-7.933850453870036,-8.08793332398869,-8.181354153160544,-8.253498443916103,-8.324322582822997,-8.418160556400386,-8.700489491701715,-8.859313943281558,-8.79468126435087,-7.762347408932567,7.982962282910253,8.686066178993778,8.71015695979193,8.107587980694682,7.807901457129318,7.807516074138752,-7.364027545418755,-8.624491140658215,-8.837419768381443,-9.150958438678865,-8.33223362620952,-7.500451616797578,-7.946868932301184,-8.873659347306067,-9.434680994310938,-9.482794918515639,-8.62023542147482,-8.175884796851369,7.71849033170077,8.027982051552547,7.487361402610603,6.479783735975028,6.252813749220557,-7.031445385000491
S,-7.9564605512128574,-9.339858986690636,-8.66823501414908,8.680718613382705,8.666584704072395,8.119205616685203,7.769757753134664,-6.776452838814905,-8.754431372394363,-9.340036419338178,-8.904886388962023,7.7077365215358995,7.9312905153570314,7.671179329066792,8.068959689875301,0.0,-8.595998583715721,-9.282931573686868,-8.99395826941321,4.875218352378463,8.28138615241716,8.67579438588592,8.68847049859604,8.598000706316766,8.469896025008378,8.05820376498757,7.880141180952606,7.781302849427391,5.2257458773123675,7.282414258361574,-6.70666885338917,6.867289846984431,7.825056928554717,-5.379919410030011,-8.546232025763576,-9.298926903029693,-9.007383311167901,-7.072768264509442,-6.529171656084778,8.292399207001827,8.821051950662326,8.706193784166908,8.263644608705851,7.531063826728401,7.468561145466876,-6.01978116369308,-8.292184321499738,-6.921551896823646,-7.134276801844744,-6.031430513919949,7.5046426917965965,4.741327543335254,-8.429194509352396,-9.237854058222503,-9.203686787141537,-7.420879744543399,8.041678196906041,8.014505069214565,7.768596928021928,7.432714927015558,6.910856931676459,6.002969048744643,-4.1299685122828755,-5.942570567378454,-6.474295582096049,-6.835281727206536,-7.197222618272945,-7.9420329083076275,-8.255016127870167,-8.133394109364628,6.738643729267915,8.719869093732004,9.117421020388635,9.133132245569866,8.781453982940153,8.639895712765302,8.639728070555076,7.388078959466118,-7.7721427861254195,-8.214579243997159,-8.737242470087327,-6.869961790412013,7.234118432996463,5.908263150040781,-8.281113390150809,-9.140153323060863,-9.204227727230046,-7.762133958655977,-5.890045694215974,8.601964276941256,8.741668142482679,8.512806090172015,8.254426939587622,8.21939352019406,7.631971189660976
Cl,7.846595519167539,-8.695144278424813,-6.00698824210575,9.332314175091817,9.324972315264331,9.078786543156216,8.958908677397805,8.419363365526738,-6.834912072857889,-8.695482315300229,-7.5801482536121405,8.940438390761473,9.01091147124522,8.929909144021567,9.059836765104752,8.595998583715721,0.0,-8.583718594630664,-7.8805419181126135,8.619744567061248,9.144054609516848,9.32975431606643,9.336362053552222,9.290054967713896,9.227982622473963,9.05585713449904,8.993826587957457,8.962438176764111,8.629622948438813,8.833967534508009,8.432315516311991,8.759246570139481,8.976072305687653,8.555252402973275,5.574605430239575,-8.615622477156615,-7.920869512343459,8.350325976071204,8.460863650809983,9.14871733103148,9.407907230106652,9.345672349201907,9.136605445743486,8.892069573989014,8.87641204669539,8.517089267559292,7.257300798719026,8.388695115104381,8.33247798222133,8.516124290744594,8.88535263747592,8.616776989270756,6.7240212707627665,-8.49084673857971,-8.417310240411087,8.226965638105805,9.049795102039537,9.039964720075536,8.958555366153824,8.867759755882238,8.765938171360942,8.667954695252902,8.584626103559808,8.5231862892925,8.468571270695772,8.407574278485479,8.31268800559095,7.862456777207353,7.355062676273776,7.603246899962425,8.740877896255945,9.352911005761282,9.583395091704205,9.593283113504507,9.386082686171433,9.311243632807429,9.311162339656866,8.857311060033888,8.01876266232371,7.448070011729574,-6.711402700347252,8.400222700322825,8.823925661105397,8.661645925643207,7.2878206441582085,-8.272117276028562,-8.418497414639317,8.026514474958677,8.527053919119275,9.292040650699974,9.364544940970243,9.248318145528204,9.132765369989396,9.1183587059445,8.918928856738797
Ar,8.974612298780821,-6.447137457940204,8.504853864113064,9.719575869856419,9.714604675932515,9.554665944566597,9.481878292536962,9.197959677253943,8.392806978183085,-6.4503331600182,8.1274108635776,9.470965303354655,9.51302868791197,9.464790292267153,9.54292557554062,9.282931573686868,8.583718594630664,0.0,7.900871834013138,9.294949094004574,9.595709879352068,9.717836159823582,9.722330234098866,9.691081155164223,9.649944626456515,9.540472462670259,9.502723000347284,9.483971944576416,9.299989912422761,9.409722217365923,9.20392621246603,9.36839071069651,9.492087639826728,9.262639101572619,8.631697328357527,-5.160442065787489,7.859712678404708,9.166858571548742,9.217224495831847,9.598680513240323,9.77151479593455,9.728664913176214,9.59097533939736,9.44280020039307,9.433805120325424,9.24400978003295,8.81897846536811,9.183998160393564,9.159013323102979,9.243542897730677,9.43894892868394,9.293432703837142,8.728280111708766,6.163213019910248,6.709576140521687,9.114192403276347,9.536736442462846,9.530713772462969,9.481664221883234,9.428853121008427,9.3720316141046,9.319780938922595,9.277226132624802,9.246961200700579,9.220849641828815,9.192565207110096,9.15039856905892,8.979771086883037,8.840295792073796,8.902131213911133,9.358443267295714,9.733605375494344,9.896693457733225,9.903931490238763,9.756392852868897,9.70531998591706,9.705262392508464,9.422906813629059,9.033645826895503,8.862127766171868,8.41697906572619,9.189218625702887,9.404082030829066,9.316498389605698,8.825459924029497,7.266627503142736,6.703001400469338,9.036462440049736,9.248838573076913,9.692411317996209,9.741570604337092,9.663326392010744,9.588538194936515,9.579429084491636,9.458373327113705
K,8.55666746020842,-8.110586054750417,7.714252343072143,9.542628929879534,9.536683752517575,9.34238799756521,9.25159473696607,8.878820805973879,7.448098546192038,-8.11119246091784,6.532896310744201,9.237836206034673,9.290655969254548,9.230033620667447,9.327861353752358,8.99395826941321,7.8805419181126135,-7.900871834013138,0.0,9.009968784105522,9.392906901083744,9.540549897069594,9.54591145912948,9.50852502362375,9.4589424502145,9.32482093629434,9.277769675406034,9.254232144925377,9.016667513142542,9.159866470593002,8.88702059724366,9.106493088668495,9.264431048720839,8.966766426152457,7.975204107827081,-7.963068938405885,-4.699199085870477,8.835772782356399,8.90523322975583,9.396544160573006,9.604317250576527,9.553467578589444,9.387103522546552,9.202143129563265,9.19068424242576,8.9416482152306,8.309610055018291,8.859559732923888,8.824831472263842,8.941017305614542,9.197227766146623,9.007962284083884,8.153771065522184,-7.707818996352991,-7.539245679761923,8.761671310128746,9.320189610320597,9.31269714921294,9.25133113726008,9.18437260499018,9.111224881974332,9.042856480081715,8.986322838866103,8.94564034099707,8.910182378530026,8.87139080256448,8.812777714787956,8.564496681935745,8.344837930178567,8.44440744320016,9.093546804169968,9.559351702570826,9.750682768665905,9.759053757058405,9.586418803319622,9.525590028518264,9.525520982954385,9.17677033886918,8.645009721155539,8.380422923498717,7.509005990027058,8.866773762250423,9.152625649274174,9.03852428312178,8.320371467151986,-7.1459227024464145,-7.542100796850478,8.649161429429823,8.948176899754019,9.510119890342695,9.56882578610443,9.475116118109682,9.384099866961739,9.37292889782812,9.221911865896555
Ca,-8.001005573245525,-9.351215230435551,-8.690344249410344,8.658392881309982,8.643937668475301,8.07972633026924,7.713290736038454,-6.914686459105218,-8.77472576814884,-9.351386544967617,-8.922377019019645,7.647545747006699,7.883451262769481,7.608675911737082,8.027403070100739,-4.875218352378463,-8.619744567061248,-9.294949094004574,-9.009968784105522,0.0,8.247917397562798,8.653361039681856,8.666323943627546,8.57373227843793,8.442265151176153,8.0161881345918,7.829741957164063,7.725518481404824,4.025296133915001,7.188806640633366,-6.854194384130957,6.721834762022833,7.7717104593975845,-5.849346268230371,-8.571174741378687,-9.310742433610674,-9.023183353712193,-7.177332947617841,-6.702983605801696,8.259303152171052,8.801677885593875,8.6844357789368,8.229566641943642,7.458811628088749,7.391465215452051,-6.2943270115415215,-8.3242268282526,-7.042194398691426,-7.232901153082631,-6.303191318054327,7.43038289419205,-2.857397356093926,-8.457191224787982,-9.250422245200747,-9.216688993459165,-7.495822554327275,7.998947285937712,7.970570765904366,7.7120625052301985,7.352689697281408,6.772054186756347,5.615408072272264,-5.258425872683001,-6.236204624262141,-6.65706728698828,-6.966112106927988,-7.290100903249027,-7.987210681272516,-8.288251995221607,-8.170829723846634,6.571459730342333,8.69840997662746,9.10305198803672,9.118988957642205,8.761289480622981,8.616628954467565,8.616457363202285,7.304243335592549,-7.825466814605796,-8.249163189166513,-8.757919322598317,-6.996602794913121,7.135620203363323,5.472537732325612,-8.313506897283458,-9.154002534433491,-9.21722291925411,-7.81598028644479,-6.197308397196834,8.577786802957194,8.720676631310619,8.486344227766459,8.2200275601942,8.183745637078681,7.566885338545124
Sc,-8.825063089761173,-9.63766272712394,-9.186446380970331,7.5702428559369235,7.526702584296774,-6.384035242402913,-7.366930304548984,-8.48169406303104,-9.238673266113711,-9.637794517022382,-9.334021888319612,-7.453078763870051,-7.062748043859707,-7.498346419536888,-6.629215094400222,-8.28138615241716,-9.144054609516848,-9.595709879352068,-9.392906901083744,-8.247917397562798,0.0,7.555223279735627,7.593592615677331,7.29447618260349,6.709735840401859,-6.673337853016737,-7.175045607081913,-7.349405232396266,-8.233414312527165,-7.822512825117468,-8.469369887504412,-8.003136721318958,-7.278033306501447,-8.334632484905697,-9.11558874910555,-9.607434667591626,-9.401935451042418,-8.542485411600115,-8.441066942707435,3.8008265892060233,7.946859001976113,7.6456569936564955,-4.254972298277703,-7.642800747265043,-7.69556760530534,-8.380262645790463,-8.97982110475872,-8.50967655850365,-8.556970564892413,-8.381367778953297,-7.665851502299111,-8.252205912707963,-9.051048681875184,-9.562940604157637,-9.538373606112057,-8.633938772427054,-6.736779287187475,-6.831039529966532,-7.3686643972976205,-7.723241809799586,-7.988732604637274,-8.17358596752989,-8.296756301891055,-8.373225452928084,-8.43314353559898,-8.492645545426745,-8.572510826961306,-8.819035367894509,-8.961317898225268,-8.903137721692485,-8.041171712970483,7.684651398750244,8.549467537287823,8.577028072474459,7.849196577976567,7.440777665288793,7.440221280060735,-7.755367908801826,-8.751825289377573,-8.941556835006615,-9.228117040391012,-8.499350265118624,-7.849615062756363,-8.183843566229902,-8.9742703440179,-9.493325898182615,-9.538760666023204,-8.748079303745762,-8.368713140856624,7.3089932289416035,7.744856543050089,6.9367768407991965,-4.663985172139592,-5.474015772840688,-7.5430363035757635
Ti,-9.072491914224353,-9.75505459562375,-9.365083414167641,3.39866303272055,-4.00213711643942,-7.824845759817522,-8.15836031418498,-8.81511839544949,-9.408948646534695,-9.755170195866272,-9.48995608566358,-8.198324077043774,-8.031819760378166,-8.220064566289912,-7.888550107540522,-8.67579438588592,-9.32975431606643,-9.717836159823582,-9.540549897069594,-8.653361039681856,-7.555223279735627,0.0,4.3273926618274166,-6.085732311190105,-6.995155063512269,-7.901282149965684,-8.075921787437352,-8.150455922404571,-8.643711808347227,-8.390690117992392,-8.806303929527289,-8.496983671111613,-8.119048384823767,-8.711996085039742,-9.306166364347874,-9.728211295314265,-9.548345257673343,-8.859045334924172,-8.786179034632879,-7.532060831372278,6.82114665320593,5.203210122937851,-7.5909239076090405,-8.29286491969659,-8.3207569923164,-8.743506371802217,-9.195318005745092,-8.835246087301046,-8.869620670020737,-8.744274911917952,-8.304963939610307,-8.656218442260155,-9.253128061330413,-9.68888923904607,-9.667261156408006,-8.926498176059063,-7.9202750300046985,-7.9500935059868025,-8.159146392486191,-8.335662204454037,-8.488226853707976,-8.604420620604353,-8.686180974134695,-8.738617724333768,-8.78057467297922,-8.822976927834643,-8.881012170110884,-9.067788538717627,-9.180419801711952,-9.13395884236409,-8.520375713390845,5.579823055559097,8.087737626748597,8.131124481721622,6.483087072627257,-5.33567219583939,-5.340226559086133,-8.353203774853423,-9.015772664064084,-9.164586854817198,-9.400054757673505,-8.827800014194274,-8.406135115951399,-8.611099705671057,-9.190845648677527,-9.627770055909432,-9.667601428821754,-9.012896955850115,-8.735488698817173,-6.035517309041068,5.991399927219878,-6.7824635920615535,-7.608744014281694,-7.672340007517551,-8.242029704333524
